%%%%% Spacecraft Geometry
% Each row is one triangular surface
% Columns 1-3 are inward surface normal
% Columns 4-6, 7-9, 10-12 are coordinates of the vertices in body-fixed frame (m)
% Columns 13-18 are the coefficients of diffuse reflection, specular reflection, and absorption in (1) visible and (2) infrared spectrum
-0.1304464350539613	-0.0349530169282278	-0.9908390455514596	0.0000000000000000	0.0000000000000000	1.0750000000000000	0.2409546581451644	0.1391152367426049	1.0383702632607483	0.2782304734852098	0.0000000000000000	1.0383702632607483	0.3750000000000000	0.2010000000000000	0.4240000000000000	0.095	0.025	0.880
-0.1304464350539612	-0.0349530169282277	0.9908390455514599	0.0000000000000000	0.0000000000000000	-1.0750000000000000	0.2782304734852100	0.0000000000000000	-1.0383702632607483	0.2409546581451646	0.1391152367426050	-1.0383702632607483	0.3750000000000000	0.2010000000000000	0.4240000000000000	0.095	0.025	0.880
-0.0954934181257334	-0.0954934181257334	-0.9908390455514596	0.0000000000000000	0.0000000000000000	1.0750000000000000	0.1391152367426049	0.2409546581451644	1.0383702632607483	0.2409546581451644	0.1391152367426049	1.0383702632607483	0.3750000000000000	0.2010000000000000	0.4240000000000000	0.095	0.025	0.880
-0.0954934181257335	-0.0954934181257334	0.9908390455514599	0.0000000000000000	0.0000000000000000	-1.0750000000000000	0.2409546581451646	0.1391152367426050	-1.0383702632607483	0.1391152367426051	0.2409546581451646	-1.0383702632607483	0.3750000000000000	0.2010000000000000	0.4240000000000000	0.095	0.025	0.880
-0.0349530169282278	-0.1304464350539613	-0.9908390455514596	0.0000000000000000	0.0000000000000000	1.0750000000000000	0.0000000000000000	0.2782304734852098	1.0383702632607483	0.1391152367426049	0.2409546581451644	1.0383702632607483	0.3750000000000000	0.2010000000000000	0.4240000000000000	0.095	0.025	0.880
-0.0349530169282277	-0.1304464350539612	0.9908390455514596	0.0000000000000000	0.0000000000000000	-1.0750000000000000	0.1391152367426051	0.2409546581451646	-1.0383702632607483	0.0000000000000000	0.2782304734852100	-1.0383702632607483	0.3750000000000000	0.2010000000000000	0.4240000000000000	0.095	0.025	0.880
0.0349530169282278	-0.1304464350539613	-0.9908390455514596	0.0000000000000000	0.0000000000000000	1.0750000000000000	-0.1391152367426048	0.2409546581451644	1.0383702632607483	0.0000000000000000	0.2782304734852098	1.0383702632607483	0.3750000000000000	0.2010000000000000	0.4240000000000000	0.095	0.025	0.880
0.0349530169282277	-0.1304464350539612	0.9908390455514599	0.0000000000000000	0.0000000000000000	-1.0750000000000000	0.0000000000000000	0.2782304734852100	-1.0383702632607483	-0.1391152367426050	0.2409546581451646	-1.0383702632607483	0.3750000000000000	0.2010000000000000	0.4240000000000000	0.095	0.025	0.880
0.0954934181257334	-0.0954934181257336	-0.9908390455514596	0.0000000000000000	0.0000000000000000	1.0750000000000000	-0.2409546581451643	0.1391152367426050	1.0383702632607483	-0.1391152367426048	0.2409546581451644	1.0383702632607483	0.3750000000000000	0.2010000000000000	0.4240000000000000	0.095	0.025	0.880
0.0954934181257334	-0.0954934181257335	0.9908390455514599	0.0000000000000000	0.0000000000000000	-1.0750000000000000	-0.1391152367426050	0.2409546581451646	-1.0383702632607483	-0.2409546581451646	0.1391152367426051	-1.0383702632607483	0.3750000000000000	0.2010000000000000	0.4240000000000000	0.095	0.025	0.880
0.1304464350539613	-0.0349530169282278	-0.9908390455514599	0.0000000000000000	0.0000000000000000	1.0750000000000000	-0.2782304734852098	0.0000000000000000	1.0383702632607483	-0.2409546581451643	0.1391152367426050	1.0383702632607483	0.3750000000000000	0.2010000000000000	0.4240000000000000	0.095	0.025	0.880
0.1304464350539612	-0.0349530169282277	0.9908390455514596	0.0000000000000000	0.0000000000000000	-1.0750000000000000	-0.2409546581451646	0.1391152367426051	-1.0383702632607483	-0.2782304734852100	0.0000000000000000	-1.0383702632607483	0.3750000000000000	0.2010000000000000	0.4240000000000000	0.095	0.025	0.880
0.1304464350539613	0.0349530169282278	-0.9908390455514596	0.0000000000000000	0.0000000000000000	1.0750000000000000	-0.2409546581451644	-0.1391152367426048	1.0383702632607483	-0.2782304734852098	0.0000000000000000	1.0383702632607483	0.3750000000000000	0.2010000000000000	0.4240000000000000	0.095	0.025	0.880
0.1304464350539612	0.0349530169282277	0.9908390455514599	0.0000000000000000	0.0000000000000000	-1.0750000000000000	-0.2782304734852100	0.0000000000000000	-1.0383702632607483	-0.2409546581451646	-0.1391152367426050	-1.0383702632607483	0.3750000000000000	0.2010000000000000	0.4240000000000000	0.095	0.025	0.880
0.0954934181257336	0.0954934181257334	-0.9908390455514596	0.0000000000000000	0.0000000000000000	1.0750000000000000	-0.1391152367426050	-0.2409546581451643	1.0383702632607483	-0.2409546581451644	-0.1391152367426048	1.0383702632607483	0.3750000000000000	0.2010000000000000	0.4240000000000000	0.095	0.025	0.880
0.0954934181257335	0.0954934181257333	0.9908390455514599	0.0000000000000000	0.0000000000000000	-1.0750000000000000	-0.2409546581451646	-0.1391152367426050	-1.0383702632607483	-0.1391152367426052	-0.2409546581451646	-1.0383702632607483	0.3750000000000000	0.2010000000000000	0.4240000000000000	0.095	0.025	0.880
0.0349530169282278	0.1304464350539613	-0.9908390455514596	0.0000000000000000	0.0000000000000000	1.0750000000000000	-0.0000000000000001	-0.2782304734852098	1.0383702632607483	-0.1391152367426050	-0.2409546581451643	1.0383702632607483	0.3750000000000000	0.2010000000000000	0.4240000000000000	0.095	0.025	0.880
0.0349530169282277	0.1304464350539612	0.9908390455514596	0.0000000000000000	0.0000000000000000	-1.0750000000000000	-0.1391152367426052	-0.2409546581451646	-1.0383702632607483	-0.0000000000000001	-0.2782304734852100	-1.0383702632607483	0.3750000000000000	0.2010000000000000	0.4240000000000000	0.095	0.025	0.880
-0.0349530169282277	0.1304464350539613	-0.9908390455514596	0.0000000000000000	0.0000000000000000	1.0750000000000000	0.1391152367426047	-0.2409546581451645	1.0383702632607483	-0.0000000000000001	-0.2782304734852098	1.0383702632607483	0.3750000000000000	0.2010000000000000	0.4240000000000000	0.095	0.025	0.880
-0.0349530169282277	0.1304464350539612	0.9908390455514596	0.0000000000000000	0.0000000000000000	-1.0750000000000000	-0.0000000000000001	-0.2782304734852100	-1.0383702632607483	0.1391152367426048	-0.2409546581451647	-1.0383702632607483	0.3750000000000000	0.2010000000000000	0.4240000000000000	0.095	0.025	0.880
-0.0954934181257334	0.0954934181257336	-0.9908390455514599	0.0000000000000000	0.0000000000000000	1.0750000000000000	0.2409546581451643	-0.1391152367426050	1.0383702632607483	0.1391152367426047	-0.2409546581451645	1.0383702632607483	0.3750000000000000	0.2010000000000000	0.4240000000000000	0.095	0.025	0.880
-0.0954934181257333	0.0954934181257336	0.9908390455514599	0.0000000000000000	0.0000000000000000	-1.0750000000000000	0.1391152367426048	-0.2409546581451647	-1.0383702632607483	0.2409546581451646	-0.1391152367426052	-1.0383702632607483	0.3750000000000000	0.2010000000000000	0.4240000000000000	0.095	0.025	0.880
-0.1304464350539613	0.0349530169282278	-0.9908390455514596	0.0000000000000000	0.0000000000000000	1.0750000000000000	0.2782304734852098	-0.0000000000000001	1.0383702632607483	0.2409546581451643	-0.1391152367426050	1.0383702632607483	0.3750000000000000	0.2010000000000000	0.4240000000000000	0.095	0.025	0.880
-0.1304464350539612	0.0349530169282277	0.9908390455514596	0.0000000000000000	0.0000000000000000	-1.0750000000000000	0.2409546581451646	-0.1391152367426052	-1.0383702632607483	0.2782304734852100	-0.0000000000000001	-1.0383702632607483	0.3750000000000000	0.2010000000000000	0.4240000000000000	0.095	0.025	0.880
-0.3806873175022785	-0.1020048592935058	-0.9190604849374341	0.2782304734852098	0.0000000000000000	1.0383702632607483	0.2409546581451644	0.1391152367426049	1.0383702632607483	0.5374999999999999	0.0000000000000000	0.9309773090682716	0.3750000000000000	0.2010000000000000	0.4240000000000000	0.095	0.025	0.880
-0.3806873175022785	-0.1020048592935059	-0.9190604849374341	0.2409546581451644	0.1391152367426049	1.0383702632607483	0.4654886545341357	0.2687499999999999	0.9309773090682716	0.5374999999999999	0.0000000000000000	0.9309773090682716	0.3750000000000000	0.2010000000000000	0.4240000000000000	0.095	0.025	0.880
-0.2786824582087726	-0.2786824582087726	-0.9190604849374341	0.2409546581451644	0.1391152367426049	1.0383702632607483	0.1391152367426049	0.2409546581451644	1.0383702632607483	0.4654886545341357	0.2687499999999999	0.9309773090682716	0.3750000000000000	0.2010000000000000	0.4240000000000000	0.095	0.025	0.880
-0.2786824582087727	-0.2786824582087726	-0.9190604849374341	0.1391152367426049	0.2409546581451644	1.0383702632607483	0.2687500000000000	0.4654886545341356	0.9309773090682716	0.4654886545341357	0.2687499999999999	0.9309773090682716	0.3750000000000000	0.2010000000000000	0.4240000000000000	0.095	0.025	0.880
-0.1020048592935059	-0.3806873175022787	-0.9190604849374340	0.1391152367426049	0.2409546581451644	1.0383702632607483	0.0000000000000000	0.2782304734852098	1.0383702632607483	0.2687500000000000	0.4654886545341356	0.9309773090682716	0.3750000000000000	0.2010000000000000	0.4240000000000000	0.095	0.025	0.880
-0.1020048592935059	-0.3806873175022786	-0.9190604849374341	0.0000000000000000	0.2782304734852098	1.0383702632607483	0.0000000000000000	0.5374999999999999	0.9309773090682716	0.2687500000000000	0.4654886545341356	0.9309773090682716	0.3750000000000000	0.2010000000000000	0.4240000000000000	0.095	0.025	0.880
0.1020048592935059	-0.3806873175022785	-0.9190604849374340	0.0000000000000000	0.2782304734852098	1.0383702632607483	-0.1391152367426048	0.2409546581451644	1.0383702632607483	0.0000000000000000	0.5374999999999999	0.9309773090682716	0.3750000000000000	0.2010000000000000	0.4240000000000000	0.095	0.025	0.880
0.1020048592935059	-0.3806873175022785	-0.9190604849374341	-0.1391152367426048	0.2409546581451644	1.0383702632607483	-0.2687499999999998	0.4654886545341357	0.9309773090682716	0.0000000000000000	0.5374999999999999	0.9309773090682716	0.3750000000000000	0.2010000000000000	0.4240000000000000	0.095	0.025	0.880
0.2786824582087724	-0.2786824582087727	-0.9190604849374341	-0.1391152367426048	0.2409546581451644	1.0383702632607483	-0.2409546581451643	0.1391152367426050	1.0383702632607483	-0.2687499999999998	0.4654886545341357	0.9309773090682716	0.3750000000000000	0.2010000000000000	0.4240000000000000	0.095	0.025	0.880
0.2786824582087724	-0.2786824582087728	-0.9190604849374341	-0.2409546581451643	0.1391152367426050	1.0383702632607483	-0.4654886545341356	0.2687500000000001	0.9309773090682716	-0.2687499999999998	0.4654886545341357	0.9309773090682716	0.3750000000000000	0.2010000000000000	0.4240000000000000	0.095	0.025	0.880
0.3806873175022785	-0.1020048592935060	-0.9190604849374341	-0.2409546581451643	0.1391152367426050	1.0383702632607483	-0.2782304734852098	0.0000000000000000	1.0383702632607483	-0.4654886545341356	0.2687500000000001	0.9309773090682716	0.3750000000000000	0.2010000000000000	0.4240000000000000	0.095	0.025	0.880
0.3806873175022785	-0.1020048592935059	-0.9190604849374341	-0.2782304734852098	0.0000000000000000	1.0383702632607483	-0.5374999999999999	0.0000000000000001	0.9309773090682716	-0.4654886545341356	0.2687500000000001	0.9309773090682716	0.3750000000000000	0.2010000000000000	0.4240000000000000	0.095	0.025	0.880
0.3806873175022786	0.1020048592935059	-0.9190604849374340	-0.2782304734852098	0.0000000000000000	1.0383702632607483	-0.2409546581451644	-0.1391152367426048	1.0383702632607483	-0.5374999999999999	0.0000000000000001	0.9309773090682716	0.3750000000000000	0.2010000000000000	0.4240000000000000	0.095	0.025	0.880
0.3806873175022786	0.1020048592935059	-0.9190604849374341	-0.2409546581451644	-0.1391152367426048	1.0383702632607483	-0.4654886545341357	-0.2687499999999998	0.9309773090682716	-0.5374999999999999	0.0000000000000001	0.9309773090682716	0.3750000000000000	0.2010000000000000	0.4240000000000000	0.095	0.025	0.880
0.2786824582087727	0.2786824582087724	-0.9190604849374341	-0.2409546581451644	-0.1391152367426048	1.0383702632607483	-0.1391152367426050	-0.2409546581451643	1.0383702632607483	-0.4654886545341357	-0.2687499999999998	0.9309773090682716	0.3750000000000000	0.2010000000000000	0.4240000000000000	0.095	0.025	0.880
0.2786824582087728	0.2786824582087722	-0.9190604849374341	-0.1391152367426050	-0.2409546581451643	1.0383702632607483	-0.2687500000000002	-0.4654886545341356	0.9309773090682716	-0.4654886545341357	-0.2687499999999998	0.9309773090682716	0.3750000000000000	0.2010000000000000	0.4240000000000000	0.095	0.025	0.880
0.1020048592935060	0.3806873175022784	-0.9190604849374341	-0.1391152367426050	-0.2409546581451643	1.0383702632607483	-0.0000000000000001	-0.2782304734852098	1.0383702632607483	-0.2687500000000002	-0.4654886545341356	0.9309773090682716	0.3750000000000000	0.2010000000000000	0.4240000000000000	0.095	0.025	0.880
0.1020048592935059	0.3806873175022786	-0.9190604849374341	-0.0000000000000001	-0.2782304734852098	1.0383702632607483	-0.0000000000000001	-0.5374999999999999	0.9309773090682716	-0.2687500000000002	-0.4654886545341356	0.9309773090682716	0.3750000000000000	0.2010000000000000	0.4240000000000000	0.095	0.025	0.880
-0.1020048592935056	0.3806873175022785	-0.9190604849374342	-0.0000000000000001	-0.2782304734852098	1.0383702632607483	0.1391152367426047	-0.2409546581451645	1.0383702632607483	-0.0000000000000001	-0.5374999999999999	0.9309773090682716	0.3750000000000000	0.2010000000000000	0.4240000000000000	0.095	0.025	0.880
-0.1020048592935059	0.3806873175022786	-0.9190604849374340	0.1391152367426047	-0.2409546581451645	1.0383702632607483	0.2687499999999996	-0.4654886545341358	0.9309773090682716	-0.0000000000000001	-0.5374999999999999	0.9309773090682716	0.3750000000000000	0.2010000000000000	0.4240000000000000	0.095	0.025	0.880
-0.2786824582087725	0.2786824582087727	-0.9190604849374340	0.1391152367426047	-0.2409546581451645	1.0383702632607483	0.2409546581451643	-0.1391152367426050	1.0383702632607483	0.2687499999999996	-0.4654886545341358	0.9309773090682716	0.3750000000000000	0.2010000000000000	0.4240000000000000	0.095	0.025	0.880
-0.2786824582087723	0.2786824582087728	-0.9190604849374340	0.2409546581451643	-0.1391152367426050	1.0383702632607483	0.4654886545341355	-0.2687500000000002	0.9309773090682716	0.2687499999999996	-0.4654886545341358	0.9309773090682716	0.3750000000000000	0.2010000000000000	0.4240000000000000	0.095	0.025	0.880
-0.3806873175022785	0.1020048592935061	-0.9190604849374339	0.2409546581451643	-0.1391152367426050	1.0383702632607483	0.2782304734852098	-0.0000000000000001	1.0383702632607483	0.4654886545341355	-0.2687500000000002	0.9309773090682716	0.3750000000000000	0.2010000000000000	0.4240000000000000	0.095	0.025	0.880
-0.3806873175022786	0.1020048592935061	-0.9190604849374341	0.2782304734852098	-0.0000000000000001	1.0383702632607483	0.5374999999999999	-0.0000000000000001	0.9309773090682716	0.4654886545341355	-0.2687500000000002	0.9309773090682716	0.3750000000000000	0.2010000000000000	0.4240000000000000	0.095	0.025	0.880
-0.6008208219532745	-0.1609894540381832	-0.7830049397008165	0.5374999999999999	0.0000000000000000	0.9309773090682716	0.4654886545341357	0.2687499999999999	0.9309773090682716	0.7601397897755386	0.0000000000000000	0.7601397897755386	0.3750000000000000	0.2010000000000000	0.4240000000000000	0.095	0.025	0.880
-0.6008208219532745	-0.1609894540381832	-0.7830049397008165	0.4654886545341357	0.2687499999999999	0.9309773090682716	0.6583003683729792	0.3800698948877692	0.7601397897755386	0.7601397897755386	0.0000000000000000	0.7601397897755386	0.3750000000000000	0.2010000000000000	0.4240000000000000	0.095	0.025	0.880
-0.4398313679150914	-0.4398313679150913	-0.7830049397008165	0.4654886545341357	0.2687499999999999	0.9309773090682716	0.2687500000000000	0.4654886545341356	0.9309773090682716	0.6583003683729792	0.3800698948877692	0.7601397897755386	0.3750000000000000	0.2010000000000000	0.4240000000000000	0.095	0.025	0.880
-0.4398313679150913	-0.4398313679150911	-0.7830049397008165	0.2687500000000000	0.4654886545341356	0.9309773090682716	0.3800698948877694	0.6583003683729791	0.7601397897755386	0.6583003683729792	0.3800698948877692	0.7601397897755386	0.3750000000000000	0.2010000000000000	0.4240000000000000	0.095	0.025	0.880
-0.1609894540381833	-0.6008208219532745	-0.7830049397008164	0.2687500000000000	0.4654886545341356	0.9309773090682716	0.0000000000000000	0.5374999999999999	0.9309773090682716	0.3800698948877694	0.6583003683729791	0.7601397897755386	0.3750000000000000	0.2010000000000000	0.4240000000000000	0.095	0.025	0.880
-0.1609894540381833	-0.6008208219532745	-0.7830049397008165	0.0000000000000000	0.5374999999999999	0.9309773090682716	0.0000000000000000	0.7601397897755386	0.7601397897755386	0.3800698948877694	0.6583003683729791	0.7601397897755386	0.3750000000000000	0.2010000000000000	0.4240000000000000	0.095	0.025	0.880
0.1609894540381832	-0.6008208219532745	-0.7830049397008165	0.0000000000000000	0.5374999999999999	0.9309773090682716	-0.2687499999999998	0.4654886545341357	0.9309773090682716	0.0000000000000000	0.7601397897755386	0.7601397897755386	0.3750000000000000	0.2010000000000000	0.4240000000000000	0.095	0.025	0.880
0.1609894540381832	-0.6008208219532744	-0.7830049397008166	-0.2687499999999998	0.4654886545341357	0.9309773090682716	-0.3800698948877692	0.6583003683729792	0.7601397897755386	0.0000000000000000	0.7601397897755386	0.7601397897755386	0.3750000000000000	0.2010000000000000	0.4240000000000000	0.095	0.025	0.880
0.4398313679150909	-0.4398313679150914	-0.7830049397008166	-0.2687499999999998	0.4654886545341357	0.9309773090682716	-0.4654886545341356	0.2687500000000001	0.9309773090682716	-0.3800698948877692	0.6583003683729792	0.7601397897755386	0.3750000000000000	0.2010000000000000	0.4240000000000000	0.095	0.025	0.880
0.4398313679150911	-0.4398313679150914	-0.7830049397008165	-0.4654886545341356	0.2687500000000001	0.9309773090682716	-0.6583003683729790	0.3800698948877696	0.7601397897755386	-0.3800698948877692	0.6583003683729792	0.7601397897755386	0.3750000000000000	0.2010000000000000	0.4240000000000000	0.095	0.025	0.880
0.6008208219532746	-0.1609894540381833	-0.7830049397008164	-0.4654886545341356	0.2687500000000001	0.9309773090682716	-0.5374999999999999	0.0000000000000001	0.9309773090682716	-0.6583003683729790	0.3800698948877696	0.7601397897755386	0.3750000000000000	0.2010000000000000	0.4240000000000000	0.095	0.025	0.880
0.6008208219532745	-0.1609894540381834	-0.7830049397008165	-0.5374999999999999	0.0000000000000001	0.9309773090682716	-0.7601397897755386	0.0000000000000001	0.7601397897755386	-0.6583003683729790	0.3800698948877696	0.7601397897755386	0.3750000000000000	0.2010000000000000	0.4240000000000000	0.095	0.025	0.880
0.6008208219532745	0.1609894540381832	-0.7830049397008165	-0.5374999999999999	0.0000000000000001	0.9309773090682716	-0.4654886545341357	-0.2687499999999998	0.9309773090682716	-0.7601397897755386	0.0000000000000001	0.7601397897755386	0.3750000000000000	0.2010000000000000	0.4240000000000000	0.095	0.025	0.880
0.6008208219532744	0.1609894540381830	-0.7830049397008167	-0.4654886545341357	-0.2687499999999998	0.9309773090682716	-0.6583003683729793	-0.3800698948877691	0.7601397897755386	-0.7601397897755386	0.0000000000000001	0.7601397897755386	0.3750000000000000	0.2010000000000000	0.4240000000000000	0.095	0.025	0.880
0.4398313679150914	0.4398313679150907	-0.7830049397008165	-0.4654886545341357	-0.2687499999999998	0.9309773090682716	-0.2687500000000002	-0.4654886545341356	0.9309773090682716	-0.6583003683729793	-0.3800698948877691	0.7601397897755386	0.3750000000000000	0.2010000000000000	0.4240000000000000	0.095	0.025	0.880
0.4398313679150915	0.4398313679150912	-0.7830049397008164	-0.2687500000000002	-0.4654886545341356	0.9309773090682716	-0.3800698948877696	-0.6583003683729790	0.7601397897755386	-0.6583003683729793	-0.3800698948877691	0.7601397897755386	0.3750000000000000	0.2010000000000000	0.4240000000000000	0.095	0.025	0.880
0.1609894540381833	0.6008208219532747	-0.7830049397008163	-0.2687500000000002	-0.4654886545341356	0.9309773090682716	-0.0000000000000001	-0.5374999999999999	0.9309773090682716	-0.3800698948877696	-0.6583003683729790	0.7601397897755386	0.3750000000000000	0.2010000000000000	0.4240000000000000	0.095	0.025	0.880
0.1609894540381834	0.6008208219532745	-0.7830049397008165	-0.0000000000000001	-0.5374999999999999	0.9309773090682716	-0.0000000000000001	-0.7601397897755386	0.7601397897755386	-0.3800698948877696	-0.6583003683729790	0.7601397897755386	0.3750000000000000	0.2010000000000000	0.4240000000000000	0.095	0.025	0.880
-0.1609894540381831	0.6008208219532745	-0.7830049397008166	-0.0000000000000001	-0.5374999999999999	0.9309773090682716	0.2687499999999996	-0.4654886545341358	0.9309773090682716	-0.0000000000000001	-0.7601397897755386	0.7601397897755386	0.3750000000000000	0.2010000000000000	0.4240000000000000	0.095	0.025	0.880
-0.1609894540381829	0.6008208219532744	-0.7830049397008165	0.2687499999999996	-0.4654886545341358	0.9309773090682716	0.3800698948877688	-0.6583003683729794	0.7601397897755386	-0.0000000000000001	-0.7601397897755386	0.7601397897755386	0.3750000000000000	0.2010000000000000	0.4240000000000000	0.095	0.025	0.880
-0.4398313679150908	0.4398313679150915	-0.7830049397008166	0.2687499999999996	-0.4654886545341358	0.9309773090682716	0.4654886545341355	-0.2687500000000002	0.9309773090682716	0.3800698948877688	-0.6583003683729794	0.7601397897755386	0.3750000000000000	0.2010000000000000	0.4240000000000000	0.095	0.025	0.880
-0.4398313679150909	0.4398313679150916	-0.7830049397008165	0.4654886545341355	-0.2687500000000002	0.9309773090682716	0.6583003683729790	-0.3800698948877696	0.7601397897755386	0.3800698948877688	-0.6583003683729794	0.7601397897755386	0.3750000000000000	0.2010000000000000	0.4240000000000000	0.095	0.025	0.880
-0.6008208219532745	0.1609894540381835	-0.7830049397008165	0.4654886545341355	-0.2687500000000002	0.9309773090682716	0.5374999999999999	-0.0000000000000001	0.9309773090682716	0.6583003683729790	-0.3800698948877696	0.7601397897755386	0.3750000000000000	0.2010000000000000	0.4240000000000000	0.095	0.025	0.880
-0.6008208219532745	0.1609894540381835	-0.7830049397008164	0.5374999999999999	-0.0000000000000001	0.9309773090682716	0.7601397897755386	-0.0000000000000002	0.7601397897755386	0.6583003683729790	-0.3800698948877696	0.7601397897755386	0.3750000000000000	0.2010000000000000	0.4240000000000000	0.095	0.025	0.880
-0.7760132217981932	-0.2079321160966995	-0.5954558881142556	0.7601397897755386	0.0000000000000000	0.7601397897755386	0.6583003683729792	0.3800698948877692	0.7601397897755386	0.9309773090682714	0.0000000000000000	0.5375000000000001	0.3750000000000000	0.2010000000000000	0.4240000000000000	0.095	0.025	0.880
-0.7760132217981930	-0.2079321160966992	-0.5954558881142560	0.6583003683729792	0.3800698948877692	0.7601397897755386	0.8062500000000000	0.4654886545341357	0.5375000000000001	0.9309773090682714	0.0000000000000000	0.5375000000000001	0.3750000000000000	0.2010000000000000	0.4240000000000000	0.095	0.025	0.880
-0.5680811057014934	-0.5680811057014933	-0.5954558881142561	0.6583003683729792	0.3800698948877692	0.7601397897755386	0.3800698948877694	0.6583003683729791	0.7601397897755386	0.8062500000000000	0.4654886545341357	0.5375000000000001	0.3750000000000000	0.2010000000000000	0.4240000000000000	0.095	0.025	0.880
-0.5680811057014934	-0.5680811057014934	-0.5954558881142560	0.3800698948877694	0.6583003683729791	0.7601397897755386	0.4654886545341358	0.8062499999999999	0.5375000000000001	0.8062500000000000	0.4654886545341357	0.5375000000000001	0.3750000000000000	0.2010000000000000	0.4240000000000000	0.095	0.025	0.880
-0.2079321160966996	-0.7760132217981929	-0.5954558881142561	0.3800698948877694	0.6583003683729791	0.7601397897755386	0.0000000000000000	0.7601397897755386	0.7601397897755386	0.4654886545341358	0.8062499999999999	0.5375000000000001	0.3750000000000000	0.2010000000000000	0.4240000000000000	0.095	0.025	0.880
-0.2079321160966994	-0.7760132217981930	-0.5954558881142558	0.0000000000000000	0.7601397897755386	0.7601397897755386	0.0000000000000001	0.9309773090682714	0.5375000000000001	0.4654886545341358	0.8062499999999999	0.5375000000000001	0.3750000000000000	0.2010000000000000	0.4240000000000000	0.095	0.025	0.880
0.2079321160966995	-0.7760132217981932	-0.5954558881142555	0.0000000000000000	0.7601397897755386	0.7601397897755386	-0.3800698948877692	0.6583003683729792	0.7601397897755386	0.0000000000000001	0.9309773090682714	0.5375000000000001	0.3750000000000000	0.2010000000000000	0.4240000000000000	0.095	0.025	0.880
0.2079321160966992	-0.7760132217981930	-0.5954558881142559	-0.3800698948877692	0.6583003683729792	0.7601397897755386	-0.4654886545341355	0.8062500000000000	0.5375000000000001	0.0000000000000001	0.9309773090682714	0.5375000000000001	0.3750000000000000	0.2010000000000000	0.4240000000000000	0.095	0.025	0.880
0.5680811057014934	-0.5680811057014937	-0.5954558881142558	-0.3800698948877692	0.6583003683729792	0.7601397897755386	-0.6583003683729790	0.3800698948877696	0.7601397897755386	-0.4654886545341355	0.8062500000000000	0.5375000000000001	0.3750000000000000	0.2010000000000000	0.4240000000000000	0.095	0.025	0.880
0.5680811057014929	-0.5680811057014937	-0.5954558881142561	-0.6583003683729790	0.3800698948877696	0.7601397897755386	-0.8062499999999998	0.4654886545341361	0.5375000000000001	-0.4654886545341355	0.8062500000000000	0.5375000000000001	0.3750000000000000	0.2010000000000000	0.4240000000000000	0.095	0.025	0.880
0.7760132217981929	-0.2079321160966997	-0.5954558881142561	-0.6583003683729790	0.3800698948877696	0.7601397897755386	-0.7601397897755386	0.0000000000000001	0.7601397897755386	-0.8062499999999998	0.4654886545341361	0.5375000000000001	0.3750000000000000	0.2010000000000000	0.4240000000000000	0.095	0.025	0.880
0.7760132217981932	-0.2079321160966995	-0.5954558881142556	-0.7601397897755386	0.0000000000000001	0.7601397897755386	-0.9309773090682714	0.0000000000000001	0.5375000000000001	-0.8062499999999998	0.4654886545341361	0.5375000000000001	0.3750000000000000	0.2010000000000000	0.4240000000000000	0.095	0.025	0.880
0.7760132217981932	0.2079321160966993	-0.5954558881142556	-0.7601397897755386	0.0000000000000001	0.7601397897755386	-0.6583003683729793	-0.3800698948877691	0.7601397897755386	-0.9309773090682714	0.0000000000000001	0.5375000000000001	0.3750000000000000	0.2010000000000000	0.4240000000000000	0.095	0.025	0.880
0.7760132217981930	0.2079321160966991	-0.5954558881142559	-0.6583003683729793	-0.3800698948877691	0.7601397897755386	-0.8062500000000001	-0.4654886545341355	0.5375000000000001	-0.9309773090682714	0.0000000000000001	0.5375000000000001	0.3750000000000000	0.2010000000000000	0.4240000000000000	0.095	0.025	0.880
0.5680811057014936	0.5680811057014933	-0.5954558881142560	-0.6583003683729793	-0.3800698948877691	0.7601397897755386	-0.3800698948877696	-0.6583003683729790	0.7601397897755386	-0.8062500000000001	-0.4654886545341355	0.5375000000000001	0.3750000000000000	0.2010000000000000	0.4240000000000000	0.095	0.025	0.880
0.5680811057014937	0.5680811057014932	-0.5954558881142562	-0.3800698948877696	-0.6583003683729790	0.7601397897755386	-0.4654886545341361	-0.8062499999999998	0.5375000000000001	-0.8062500000000001	-0.4654886545341355	0.5375000000000001	0.3750000000000000	0.2010000000000000	0.4240000000000000	0.095	0.025	0.880
0.2079321160966997	0.7760132217981929	-0.5954558881142561	-0.3800698948877696	-0.6583003683729790	0.7601397897755386	-0.0000000000000001	-0.7601397897755386	0.7601397897755386	-0.4654886545341361	-0.8062499999999998	0.5375000000000001	0.3750000000000000	0.2010000000000000	0.4240000000000000	0.095	0.025	0.880
0.2079321160966995	0.7760132217981931	-0.5954558881142559	-0.0000000000000001	-0.7601397897755386	0.7601397897755386	-0.0000000000000002	-0.9309773090682714	0.5375000000000001	-0.4654886545341361	-0.8062499999999998	0.5375000000000001	0.3750000000000000	0.2010000000000000	0.4240000000000000	0.095	0.025	0.880
-0.2079321160966992	0.7760132217981932	-0.5954558881142556	-0.0000000000000001	-0.7601397897755386	0.7601397897755386	0.3800698948877688	-0.6583003683729794	0.7601397897755386	-0.0000000000000002	-0.9309773090682714	0.5375000000000001	0.3750000000000000	0.2010000000000000	0.4240000000000000	0.095	0.025	0.880
-0.2079321160966988	0.7760132217981931	-0.5954558881142561	0.3800698948877688	-0.6583003683729794	0.7601397897755386	0.4654886545341351	-0.8062500000000004	0.5375000000000001	-0.0000000000000002	-0.9309773090682714	0.5375000000000001	0.3750000000000000	0.2010000000000000	0.4240000000000000	0.095	0.025	0.880
-0.5680811057014931	0.5680811057014938	-0.5954558881142560	0.3800698948877688	-0.6583003683729794	0.7601397897755386	0.6583003683729790	-0.3800698948877696	0.7601397897755386	0.4654886545341351	-0.8062500000000004	0.5375000000000001	0.3750000000000000	0.2010000000000000	0.4240000000000000	0.095	0.025	0.880
-0.5680811057014933	0.5680811057014937	-0.5954558881142559	0.6583003683729790	-0.3800698948877696	0.7601397897755386	0.8062499999999997	-0.4654886545341361	0.5375000000000001	0.4654886545341351	-0.8062500000000004	0.5375000000000001	0.3750000000000000	0.2010000000000000	0.4240000000000000	0.095	0.025	0.880
-0.7760132217981929	0.2079321160966998	-0.5954558881142558	0.6583003683729790	-0.3800698948877696	0.7601397897755386	0.7601397897755386	-0.0000000000000002	0.7601397897755386	0.8062499999999997	-0.4654886545341361	0.5375000000000001	0.3750000000000000	0.2010000000000000	0.4240000000000000	0.095	0.025	0.880
-0.7760132217981932	0.2079321160966997	-0.5954558881142558	0.7601397897755386	-0.0000000000000002	0.7601397897755386	0.9309773090682714	-0.0000000000000002	0.5375000000000001	0.8062499999999997	-0.4654886545341361	0.5375000000000001	0.3750000000000000	0.2010000000000000	0.4240000000000000	0.095	0.025	0.880
-0.8968088177445294	-0.2402991984797562	-0.3714703751655657	0.9309773090682714	0.0000000000000000	0.5375000000000001	0.8062500000000000	0.4654886545341357	0.5375000000000001	1.0383702632607483	0.0000000000000000	0.2782304734852100	0.3750000000000000	0.2010000000000000	0.4240000000000000	0.095	0.025	0.880
-0.8968088177445295	-0.2402991984797565	-0.3714703751655653	0.8062500000000000	0.4654886545341357	0.5375000000000001	0.8992550265181435	0.5191851316303741	0.2782304734852100	1.0383702632607483	0.0000000000000000	0.2782304734852100	0.3750000000000000	0.2010000000000000	0.4240000000000000	0.095	0.025	0.880
-0.6565096192647729	-0.6565096192647729	-0.3714703751655652	0.8062500000000000	0.4654886545341357	0.5375000000000001	0.4654886545341358	0.8062499999999999	0.5375000000000001	0.8992550265181435	0.5191851316303741	0.2782304734852100	0.3750000000000000	0.2010000000000000	0.4240000000000000	0.095	0.025	0.880
-0.6565096192647730	-0.6565096192647727	-0.3714703751655655	0.4654886545341358	0.8062499999999999	0.5375000000000001	0.5191851316303743	0.8992550265181434	0.2782304734852100	0.8992550265181435	0.5191851316303741	0.2782304734852100	0.3750000000000000	0.2010000000000000	0.4240000000000000	0.095	0.025	0.880
-0.2402991984797565	-0.8968088177445296	-0.3714703751655654	0.4654886545341358	0.8062499999999999	0.5375000000000001	0.0000000000000001	0.9309773090682714	0.5375000000000001	0.5191851316303743	0.8992550265181434	0.2782304734852100	0.3750000000000000	0.2010000000000000	0.4240000000000000	0.095	0.025	0.880
-0.2402991984797567	-0.8968088177445294	-0.3714703751655658	0.0000000000000001	0.9309773090682714	0.5375000000000001	0.0000000000000001	1.0383702632607483	0.2782304734852100	0.5191851316303743	0.8992550265181434	0.2782304734852100	0.3750000000000000	0.2010000000000000	0.4240000000000000	0.095	0.025	0.880
0.2402991984797563	-0.8968088177445295	-0.3714703751655658	0.0000000000000001	0.9309773090682714	0.5375000000000001	-0.4654886545341355	0.8062500000000000	0.5375000000000001	0.0000000000000001	1.0383702632607483	0.2782304734852100	0.3750000000000000	0.2010000000000000	0.4240000000000000	0.095	0.025	0.880
0.2402991984797565	-0.8968088177445295	-0.3714703751655653	-0.4654886545341355	0.8062500000000000	0.5375000000000001	-0.5191851316303739	0.8992550265181435	0.2782304734852100	0.0000000000000001	1.0383702632607483	0.2782304734852100	0.3750000000000000	0.2010000000000000	0.4240000000000000	0.095	0.025	0.880
0.6565096192647726	-0.6565096192647732	-0.3714703751655655	-0.4654886545341355	0.8062500000000000	0.5375000000000001	-0.8062499999999998	0.4654886545341361	0.5375000000000001	-0.5191851316303739	0.8992550265181435	0.2782304734852100	0.3750000000000000	0.2010000000000000	0.4240000000000000	0.095	0.025	0.880
0.6565096192647726	-0.6565096192647732	-0.3714703751655652	-0.8062499999999998	0.4654886545341361	0.5375000000000001	-0.8992550265181433	0.5191851316303745	0.2782304734852100	-0.5191851316303739	0.8992550265181435	0.2782304734852100	0.3750000000000000	0.2010000000000000	0.4240000000000000	0.095	0.025	0.880
0.8968088177445296	-0.2402991984797565	-0.3714703751655653	-0.8062499999999998	0.4654886545341361	0.5375000000000001	-0.9309773090682714	0.0000000000000001	0.5375000000000001	-0.8992550265181433	0.5191851316303745	0.2782304734852100	0.3750000000000000	0.2010000000000000	0.4240000000000000	0.095	0.025	0.880
0.8968088177445295	-0.2402991984797567	-0.3714703751655657	-0.9309773090682714	0.0000000000000001	0.5375000000000001	-1.0383702632607483	0.0000000000000001	0.2782304734852100	-0.8992550265181433	0.5191851316303745	0.2782304734852100	0.3750000000000000	0.2010000000000000	0.4240000000000000	0.095	0.025	0.880
0.8968088177445295	0.2402991984797561	-0.3714703751655658	-0.9309773090682714	0.0000000000000001	0.5375000000000001	-0.8062500000000001	-0.4654886545341355	0.5375000000000001	-1.0383702632607483	0.0000000000000001	0.2782304734852100	0.3750000000000000	0.2010000000000000	0.4240000000000000	0.095	0.025	0.880
0.8968088177445295	0.2402991984797564	-0.3714703751655652	-0.8062500000000001	-0.4654886545341355	0.5375000000000001	-0.8992550265181436	-0.5191851316303738	0.2782304734852100	-1.0383702632607483	0.0000000000000001	0.2782304734852100	0.3750000000000000	0.2010000000000000	0.4240000000000000	0.095	0.025	0.880
0.6565096192647731	0.6565096192647727	-0.3714703751655651	-0.8062500000000001	-0.4654886545341355	0.5375000000000001	-0.4654886545341361	-0.8062499999999998	0.5375000000000001	-0.8992550265181436	-0.5191851316303738	0.2782304734852100	0.3750000000000000	0.2010000000000000	0.4240000000000000	0.095	0.025	0.880
0.6565096192647732	0.6565096192647724	-0.3714703751655654	-0.4654886545341361	-0.8062499999999998	0.5375000000000001	-0.5191851316303746	-0.8992550265181433	0.2782304734852100	-0.8992550265181436	-0.5191851316303738	0.2782304734852100	0.3750000000000000	0.2010000000000000	0.4240000000000000	0.095	0.025	0.880
0.2402991984797565	0.8968088177445294	-0.3714703751655654	-0.4654886545341361	-0.8062499999999998	0.5375000000000001	-0.0000000000000002	-0.9309773090682714	0.5375000000000001	-0.5191851316303746	-0.8992550265181433	0.2782304734852100	0.3750000000000000	0.2010000000000000	0.4240000000000000	0.095	0.025	0.880
0.2402991984797567	0.8968088177445295	-0.3714703751655657	-0.0000000000000002	-0.9309773090682714	0.5375000000000001	-0.0000000000000002	-1.0383702632607483	0.2782304734852100	-0.5191851316303746	-0.8992550265181433	0.2782304734852100	0.3750000000000000	0.2010000000000000	0.4240000000000000	0.095	0.025	0.880
-0.2402991984797557	0.8968088177445295	-0.3714703751655658	-0.0000000000000002	-0.9309773090682714	0.5375000000000001	0.4654886545341351	-0.8062500000000004	0.5375000000000001	-0.0000000000000002	-1.0383702632607483	0.2782304734852100	0.3750000000000000	0.2010000000000000	0.4240000000000000	0.095	0.025	0.880
-0.2402991984797562	0.8968088177445296	-0.3714703751655652	0.4654886545341351	-0.8062500000000004	0.5375000000000001	0.5191851316303735	-0.8992550265181438	0.2782304734852100	-0.0000000000000002	-1.0383702632607483	0.2782304734852100	0.3750000000000000	0.2010000000000000	0.4240000000000000	0.095	0.025	0.880
-0.6565096192647727	0.6565096192647732	-0.3714703751655654	0.4654886545341351	-0.8062500000000004	0.5375000000000001	0.8062499999999997	-0.4654886545341361	0.5375000000000001	0.5191851316303735	-0.8992550265181438	0.2782304734852100	0.3750000000000000	0.2010000000000000	0.4240000000000000	0.095	0.025	0.880
-0.6565096192647725	0.6565096192647734	-0.3714703751655654	0.8062499999999997	-0.4654886545341361	0.5375000000000001	0.8992550265181432	-0.5191851316303746	0.2782304734852100	0.5191851316303735	-0.8992550265181438	0.2782304734852100	0.3750000000000000	0.2010000000000000	0.4240000000000000	0.095	0.025	0.880
-0.8968088177445294	0.2402991984797567	-0.3714703751655654	0.8062499999999997	-0.4654886545341361	0.5375000000000001	0.9309773090682714	-0.0000000000000002	0.5375000000000001	0.8992550265181432	-0.5191851316303746	0.2782304734852100	0.3750000000000000	0.2010000000000000	0.4240000000000000	0.095	0.025	0.880
-0.8968088177445293	0.2402991984797569	-0.3714703751655657	0.9309773090682714	-0.0000000000000002	0.5375000000000001	1.0383702632607483	-0.0000000000000003	0.2782304734852100	0.8992550265181432	-0.5191851316303746	0.2782304734852100	0.3750000000000000	0.2010000000000000	0.4240000000000000	0.095	0.025	0.880
-0.9582091399530056	-0.2567513652305284	-0.1261506264858838	1.0383702632607483	0.0000000000000000	0.2782304734852100	0.8992550265181435	0.5191851316303741	0.2782304734852100	1.0750000000000000	0.0000000000000000	0.0000000000000001	0.3750000000000000	0.2010000000000000	0.4240000000000000	0.095	0.025	0.880
-0.9582091399530057	-0.2567513652305284	-0.1261506264858839	0.8992550265181435	0.5191851316303741	0.2782304734852100	0.9309773090682716	0.5374999999999999	0.0000000000000001	1.0750000000000000	0.0000000000000000	0.0000000000000001	0.3750000000000000	0.2010000000000000	0.4240000000000000	0.095	0.025	0.880
-0.7014577747224772	-0.7014577747224771	-0.1261506264858838	0.8992550265181435	0.5191851316303741	0.2782304734852100	0.5191851316303743	0.8992550265181434	0.2782304734852100	0.9309773090682716	0.5374999999999999	0.0000000000000001	0.3750000000000000	0.2010000000000000	0.4240000000000000	0.095	0.025	0.880
-0.7014577747224772	-0.7014577747224772	-0.1261506264858836	0.5191851316303743	0.8992550265181434	0.2782304734852100	0.5375000000000001	0.9309773090682714	0.0000000000000001	0.9309773090682716	0.5374999999999999	0.0000000000000001	0.3750000000000000	0.2010000000000000	0.4240000000000000	0.095	0.025	0.880
-0.2567513652305286	-0.9582091399530056	-0.1261506264858835	0.5191851316303743	0.8992550265181434	0.2782304734852100	0.0000000000000001	1.0383702632607483	0.2782304734852100	0.5375000000000001	0.9309773090682714	0.0000000000000001	0.3750000000000000	0.2010000000000000	0.4240000000000000	0.095	0.025	0.880
-0.2567513652305288	-0.9582091399530056	-0.1261506264858838	0.0000000000000001	1.0383702632607483	0.2782304734852100	0.0000000000000001	1.0750000000000000	0.0000000000000001	0.5375000000000001	0.9309773090682714	0.0000000000000001	0.3750000000000000	0.2010000000000000	0.4240000000000000	0.095	0.025	0.880
0.2567513652305284	-0.9582091399530056	-0.1261506264858838	0.0000000000000001	1.0383702632607483	0.2782304734852100	-0.5191851316303739	0.8992550265181435	0.2782304734852100	0.0000000000000001	1.0750000000000000	0.0000000000000001	0.3750000000000000	0.2010000000000000	0.4240000000000000	0.095	0.025	0.880
0.2567513652305284	-0.9582091399530057	-0.1261506264858839	-0.5191851316303739	0.8992550265181435	0.2782304734852100	-0.5374999999999998	0.9309773090682716	0.0000000000000001	0.0000000000000001	1.0750000000000000	0.0000000000000001	0.3750000000000000	0.2010000000000000	0.4240000000000000	0.095	0.025	0.880
0.7014577747224768	-0.7014577747224775	-0.1261506264858839	-0.5191851316303739	0.8992550265181435	0.2782304734852100	-0.8992550265181433	0.5191851316303745	0.2782304734852100	-0.5374999999999998	0.9309773090682716	0.0000000000000001	0.3750000000000000	0.2010000000000000	0.4240000000000000	0.095	0.025	0.880
0.7014577747224768	-0.7014577747224774	-0.1261506264858838	-0.8992550265181433	0.5191851316303745	0.2782304734852100	-0.9309773090682714	0.5375000000000003	0.0000000000000001	-0.5374999999999998	0.9309773090682716	0.0000000000000001	0.3750000000000000	0.2010000000000000	0.4240000000000000	0.095	0.025	0.880
0.9582091399530056	-0.2567513652305287	-0.1261506264858839	-0.8992550265181433	0.5191851316303745	0.2782304734852100	-1.0383702632607483	0.0000000000000001	0.2782304734852100	-0.9309773090682714	0.5375000000000003	0.0000000000000001	0.3750000000000000	0.2010000000000000	0.4240000000000000	0.095	0.025	0.880
0.9582091399530056	-0.2567513652305287	-0.1261506264858838	-1.0383702632607483	0.0000000000000001	0.2782304734852100	-1.0750000000000000	0.0000000000000001	0.0000000000000001	-0.9309773090682714	0.5375000000000003	0.0000000000000001	0.3750000000000000	0.2010000000000000	0.4240000000000000	0.095	0.025	0.880
0.9582091399530057	0.2567513652305284	-0.1261506264858838	-1.0383702632607483	0.0000000000000001	0.2782304734852100	-0.8992550265181436	-0.5191851316303738	0.2782304734852100	-1.0750000000000000	0.0000000000000001	0.0000000000000001	0.3750000000000000	0.2010000000000000	0.4240000000000000	0.095	0.025	0.880
0.9582091399530057	0.2567513652305285	-0.1261506264858835	-0.8992550265181436	-0.5191851316303738	0.2782304734852100	-0.9309773090682716	-0.5374999999999996	0.0000000000000001	-1.0750000000000000	0.0000000000000001	0.0000000000000001	0.3750000000000000	0.2010000000000000	0.4240000000000000	0.095	0.025	0.880
0.7014577747224776	0.7014577747224768	-0.1261506264858836	-0.8992550265181436	-0.5191851316303738	0.2782304734852100	-0.5191851316303746	-0.8992550265181433	0.2782304734852100	-0.9309773090682716	-0.5374999999999996	0.0000000000000001	0.3750000000000000	0.2010000000000000	0.4240000000000000	0.095	0.025	0.880
0.7014577747224776	0.7014577747224766	-0.1261506264858838	-0.5191851316303746	-0.8992550265181433	0.2782304734852100	-0.5375000000000004	-0.9309773090682714	0.0000000000000001	-0.9309773090682716	-0.5374999999999996	0.0000000000000001	0.3750000000000000	0.2010000000000000	0.4240000000000000	0.095	0.025	0.880
0.2567513652305287	0.9582091399530056	-0.1261506264858839	-0.5191851316303746	-0.8992550265181433	0.2782304734852100	-0.0000000000000002	-1.0383702632607483	0.2782304734852100	-0.5375000000000004	-0.9309773090682714	0.0000000000000001	0.3750000000000000	0.2010000000000000	0.4240000000000000	0.095	0.025	0.880
0.2567513652305287	0.9582091399530056	-0.1261506264858838	-0.0000000000000002	-1.0383702632607483	0.2782304734852100	-0.0000000000000002	-1.0750000000000000	0.0000000000000001	-0.5375000000000004	-0.9309773090682714	0.0000000000000001	0.3750000000000000	0.2010000000000000	0.4240000000000000	0.095	0.025	0.880
-0.2567513652305281	0.9582091399530057	-0.1261506264858838	-0.0000000000000002	-1.0383702632607483	0.2782304734852100	0.5191851316303735	-0.8992550265181438	0.2782304734852100	-0.0000000000000002	-1.0750000000000000	0.0000000000000001	0.3750000000000000	0.2010000000000000	0.4240000000000000	0.095	0.025	0.880
-0.2567513652305278	0.9582091399530057	-0.1261506264858842	0.5191851316303735	-0.8992550265181438	0.2782304734852100	0.5374999999999993	-0.9309773090682720	0.0000000000000001	-0.0000000000000002	-1.0750000000000000	0.0000000000000001	0.3750000000000000	0.2010000000000000	0.4240000000000000	0.095	0.025	0.880
-0.7014577747224767	0.7014577747224775	-0.1261506264858842	0.5191851316303735	-0.8992550265181438	0.2782304734852100	0.8992550265181432	-0.5191851316303746	0.2782304734852100	0.5374999999999993	-0.9309773090682720	0.0000000000000001	0.3750000000000000	0.2010000000000000	0.4240000000000000	0.095	0.025	0.880
-0.7014577747224769	0.7014577747224775	-0.1261506264858838	0.8992550265181432	-0.5191851316303746	0.2782304734852100	0.9309773090682713	-0.5375000000000004	0.0000000000000001	0.5374999999999993	-0.9309773090682720	0.0000000000000001	0.3750000000000000	0.2010000000000000	0.4240000000000000	0.095	0.025	0.880
-0.9582091399530056	0.2567513652305289	-0.1261506264858839	0.8992550265181432	-0.5191851316303746	0.2782304734852100	1.0383702632607483	-0.0000000000000003	0.2782304734852100	0.9309773090682713	-0.5375000000000004	0.0000000000000001	0.3750000000000000	0.2010000000000000	0.4240000000000000	0.095	0.025	0.880
-0.9582091399530056	0.2567513652305289	-0.1261506264858838	1.0383702632607483	-0.0000000000000003	0.2782304734852100	1.0750000000000000	-0.0000000000000003	0.0000000000000001	0.9309773090682713	-0.5375000000000004	0.0000000000000001	0.3750000000000000	0.2010000000000000	0.4240000000000000	0.095	0.025	0.880
-0.9582091399530057	-0.2567513652305284	0.1261506264858839	1.0750000000000000	0.0000000000000000	0.0000000000000001	0.9309773090682716	0.5374999999999999	0.0000000000000001	1.0383702632607483	0.0000000000000000	-0.2782304734852097	0.3750000000000000	0.2010000000000000	0.4240000000000000	0.095	0.025	0.880
-0.9582091399530056	-0.2567513652305284	0.1261506264858839	0.9309773090682716	0.5374999999999999	0.0000000000000001	0.8992550265181435	0.5191851316303741	-0.2782304734852097	1.0383702632607483	0.0000000000000000	-0.2782304734852097	0.3750000000000000	0.2010000000000000	0.4240000000000000	0.095	0.025	0.880
-0.7014577747224772	-0.7014577747224772	0.1261506264858839	0.9309773090682716	0.5374999999999999	0.0000000000000001	0.5375000000000001	0.9309773090682714	0.0000000000000001	0.8992550265181435	0.5191851316303741	-0.2782304734852097	0.3750000000000000	0.2010000000000000	0.4240000000000000	0.095	0.025	0.880
-0.7014577747224773	-0.7014577747224772	0.1261506264858837	0.5375000000000001	0.9309773090682714	0.0000000000000001	0.5191851316303743	0.8992550265181434	-0.2782304734852097	0.8992550265181435	0.5191851316303741	-0.2782304734852097	0.3750000000000000	0.2010000000000000	0.4240000000000000	0.095	0.025	0.880
-0.2567513652305288	-0.9582091399530057	0.1261506264858836	0.5375000000000001	0.9309773090682714	0.0000000000000001	0.0000000000000001	1.0750000000000000	0.0000000000000001	0.5191851316303743	0.8992550265181434	-0.2782304734852097	0.3750000000000000	0.2010000000000000	0.4240000000000000	0.095	0.025	0.880
-0.2567513652305286	-0.9582091399530056	0.1261506264858838	0.0000000000000001	1.0750000000000000	0.0000000000000001	0.0000000000000001	1.0383702632607483	-0.2782304734852097	0.5191851316303743	0.8992550265181434	-0.2782304734852097	0.3750000000000000	0.2010000000000000	0.4240000000000000	0.095	0.025	0.880
0.2567513652305284	-0.9582091399530057	0.1261506264858839	0.0000000000000001	1.0750000000000000	0.0000000000000001	-0.5374999999999998	0.9309773090682716	0.0000000000000001	0.0000000000000001	1.0383702632607483	-0.2782304734852097	0.3750000000000000	0.2010000000000000	0.4240000000000000	0.095	0.025	0.880
0.2567513652305284	-0.9582091399530056	0.1261506264858839	-0.5374999999999998	0.9309773090682716	0.0000000000000001	-0.5191851316303739	0.8992550265181435	-0.2782304734852097	0.0000000000000001	1.0383702632607483	-0.2782304734852097	0.3750000000000000	0.2010000000000000	0.4240000000000000	0.095	0.025	0.880
0.7014577747224769	-0.7014577747224774	0.1261506264858839	-0.5374999999999998	0.9309773090682716	0.0000000000000001	-0.9309773090682714	0.5375000000000003	0.0000000000000001	-0.5191851316303739	0.8992550265181435	-0.2782304734852097	0.3750000000000000	0.2010000000000000	0.4240000000000000	0.095	0.025	0.880
0.7014577747224769	-0.7014577747224775	0.1261506264858839	-0.9309773090682714	0.5375000000000003	0.0000000000000001	-0.8992550265181433	0.5191851316303745	-0.2782304734852097	-0.5191851316303739	0.8992550265181435	-0.2782304734852097	0.3750000000000000	0.2010000000000000	0.4240000000000000	0.095	0.025	0.880
0.9582091399530056	-0.2567513652305286	0.1261506264858839	-0.9309773090682714	0.5375000000000003	0.0000000000000001	-1.0750000000000000	0.0000000000000001	0.0000000000000001	-0.8992550265181433	0.5191851316303745	-0.2782304734852097	0.3750000000000000	0.2010000000000000	0.4240000000000000	0.095	0.025	0.880
0.9582091399530056	-0.2567513652305287	0.1261506264858838	-1.0750000000000000	0.0000000000000001	0.0000000000000001	-1.0383702632607483	0.0000000000000001	-0.2782304734852097	-0.8992550265181433	0.5191851316303745	-0.2782304734852097	0.3750000000000000	0.2010000000000000	0.4240000000000000	0.095	0.025	0.880
0.9582091399530057	0.2567513652305284	0.1261506264858839	-1.0750000000000000	0.0000000000000001	0.0000000000000001	-0.9309773090682716	-0.5374999999999996	0.0000000000000001	-1.0383702632607483	0.0000000000000001	-0.2782304734852097	0.3750000000000000	0.2010000000000000	0.4240000000000000	0.095	0.025	0.880
0.9582091399530057	0.2567513652305283	0.1261506264858835	-0.9309773090682716	-0.5374999999999996	0.0000000000000001	-0.8992550265181436	-0.5191851316303738	-0.2782304734852097	-1.0383702632607483	0.0000000000000001	-0.2782304734852097	0.3750000000000000	0.2010000000000000	0.4240000000000000	0.095	0.025	0.880
0.7014577747224777	0.7014577747224766	0.1261506264858837	-0.9309773090682716	-0.5374999999999996	0.0000000000000001	-0.5375000000000004	-0.9309773090682714	0.0000000000000001	-0.8992550265181436	-0.5191851316303738	-0.2782304734852097	0.3750000000000000	0.2010000000000000	0.4240000000000000	0.095	0.025	0.880
0.7014577747224775	0.7014577747224768	0.1261506264858839	-0.5375000000000004	-0.9309773090682714	0.0000000000000001	-0.5191851316303746	-0.8992550265181433	-0.2782304734852097	-0.8992550265181436	-0.5191851316303738	-0.2782304734852097	0.3750000000000000	0.2010000000000000	0.4240000000000000	0.095	0.025	0.880
0.2567513652305286	0.9582091399530056	0.1261506264858839	-0.5375000000000004	-0.9309773090682714	0.0000000000000001	-0.0000000000000002	-1.0750000000000000	0.0000000000000001	-0.5191851316303746	-0.8992550265181433	-0.2782304734852097	0.3750000000000000	0.2010000000000000	0.4240000000000000	0.095	0.025	0.880
0.2567513652305287	0.9582091399530056	0.1261506264858838	-0.0000000000000002	-1.0750000000000000	0.0000000000000001	-0.0000000000000002	-1.0383702632607483	-0.2782304734852097	-0.5191851316303746	-0.8992550265181433	-0.2782304734852097	0.3750000000000000	0.2010000000000000	0.4240000000000000	0.095	0.025	0.880
-0.2567513652305278	0.9582091399530058	0.1261506264858839	-0.0000000000000002	-1.0750000000000000	0.0000000000000001	0.5374999999999993	-0.9309773090682720	0.0000000000000001	-0.0000000000000002	-1.0383702632607483	-0.2782304734852097	0.3750000000000000	0.2010000000000000	0.4240000000000000	0.095	0.025	0.880
-0.2567513652305280	0.9582091399530057	0.1261506264858843	0.5374999999999993	-0.9309773090682720	0.0000000000000001	0.5191851316303735	-0.8992550265181438	-0.2782304734852097	-0.0000000000000002	-1.0383702632607483	-0.2782304734852097	0.3750000000000000	0.2010000000000000	0.4240000000000000	0.095	0.025	0.880
-0.7014577747224768	0.7014577747224774	0.1261506264858842	0.5374999999999993	-0.9309773090682720	0.0000000000000001	0.9309773090682713	-0.5375000000000004	0.0000000000000001	0.5191851316303735	-0.8992550265181438	-0.2782304734852097	0.3750000000000000	0.2010000000000000	0.4240000000000000	0.095	0.025	0.880
-0.7014577747224767	0.7014577747224776	0.1261506264858839	0.9309773090682713	-0.5375000000000004	0.0000000000000001	0.8992550265181432	-0.5191851316303746	-0.2782304734852097	0.5191851316303735	-0.8992550265181438	-0.2782304734852097	0.3750000000000000	0.2010000000000000	0.4240000000000000	0.095	0.025	0.880
-0.9582091399530055	0.2567513652305289	0.1261506264858839	0.9309773090682713	-0.5375000000000004	0.0000000000000001	1.0750000000000000	-0.0000000000000003	0.0000000000000001	0.8992550265181432	-0.5191851316303746	-0.2782304734852097	0.3750000000000000	0.2010000000000000	0.4240000000000000	0.095	0.025	0.880
-0.9582091399530054	0.2567513652305289	0.1261506264858838	1.0750000000000000	-0.0000000000000003	0.0000000000000001	1.0383702632607483	-0.0000000000000003	-0.2782304734852097	0.8992550265181432	-0.5191851316303746	-0.2782304734852097	0.3750000000000000	0.2010000000000000	0.4240000000000000	0.095	0.025	0.880
-0.8968088177445295	-0.2402991984797566	0.3714703751655651	1.0383702632607483	0.0000000000000000	-0.2782304734852097	0.8992550265181435	0.5191851316303741	-0.2782304734852097	0.9309773090682716	0.0000000000000000	-0.5374999999999998	0.3750000000000000	0.2010000000000000	0.4240000000000000	0.095	0.025	0.880
-0.8968088177445298	-0.2402991984797566	0.3714703751655650	0.8992550265181435	0.5191851316303741	-0.2782304734852097	0.8062500000000001	0.4654886545341357	-0.5374999999999998	0.9309773090682716	0.0000000000000000	-0.5374999999999998	0.3750000000000000	0.2010000000000000	0.4240000000000000	0.095	0.025	0.880
-0.6565096192647731	-0.6565096192647729	0.3714703751655650	0.8992550265181435	0.5191851316303741	-0.2782304734852097	0.5191851316303743	0.8992550265181434	-0.2782304734852097	0.8062500000000001	0.4654886545341357	-0.5374999999999998	0.3750000000000000	0.2010000000000000	0.4240000000000000	0.095	0.025	0.880
-0.6565096192647730	-0.6565096192647729	0.3714703751655649	0.5191851316303743	0.8992550265181434	-0.2782304734852097	0.4654886545341359	0.8062500000000000	-0.5374999999999998	0.8062500000000001	0.4654886545341357	-0.5374999999999998	0.3750000000000000	0.2010000000000000	0.4240000000000000	0.095	0.025	0.880
-0.2402991984797567	-0.8968088177445296	0.3714703751655650	0.5191851316303743	0.8992550265181434	-0.2782304734852097	0.0000000000000001	1.0383702632607483	-0.2782304734852097	0.4654886545341359	0.8062500000000000	-0.5374999999999998	0.3750000000000000	0.2010000000000000	0.4240000000000000	0.095	0.025	0.880
-0.2402991984797566	-0.8968088177445296	0.3714703751655651	0.0000000000000001	1.0383702632607483	-0.2782304734852097	0.0000000000000001	0.9309773090682716	-0.5374999999999998	0.4654886545341359	0.8062500000000000	-0.5374999999999998	0.3750000000000000	0.2010000000000000	0.4240000000000000	0.095	0.025	0.880
0.2402991984797566	-0.8968088177445295	0.3714703751655651	0.0000000000000001	1.0383702632607483	-0.2782304734852097	-0.5191851316303739	0.8992550265181435	-0.2782304734852097	0.0000000000000001	0.9309773090682716	-0.5374999999999998	0.3750000000000000	0.2010000000000000	0.4240000000000000	0.095	0.025	0.880
0.2402991984797565	-0.8968088177445298	0.3714703751655649	-0.5191851316303739	0.8992550265181435	-0.2782304734852097	-0.4654886545341356	0.8062500000000001	-0.5374999999999998	0.0000000000000001	0.9309773090682716	-0.5374999999999998	0.3750000000000000	0.2010000000000000	0.4240000000000000	0.095	0.025	0.880
0.6565096192647727	-0.6565096192647734	0.3714703751655649	-0.5191851316303739	0.8992550265181435	-0.2782304734852097	-0.8992550265181433	0.5191851316303745	-0.2782304734852097	-0.4654886545341356	0.8062500000000001	-0.5374999999999998	0.3750000000000000	0.2010000000000000	0.4240000000000000	0.095	0.025	0.880
0.6565096192647729	-0.6565096192647732	0.3714703751655649	-0.8992550265181433	0.5191851316303745	-0.2782304734852097	-0.8062499999999999	0.4654886545341361	-0.5374999999999998	-0.4654886545341356	0.8062500000000001	-0.5374999999999998	0.3750000000000000	0.2010000000000000	0.4240000000000000	0.095	0.025	0.880
0.8968088177445296	-0.2402991984797568	0.3714703751655650	-0.8992550265181433	0.5191851316303745	-0.2782304734852097	-1.0383702632607483	0.0000000000000001	-0.2782304734852097	-0.8062499999999999	0.4654886545341361	-0.5374999999999998	0.3750000000000000	0.2010000000000000	0.4240000000000000	0.095	0.025	0.880
0.8968088177445296	-0.2402991984797567	0.3714703751655651	-1.0383702632607483	0.0000000000000001	-0.2782304734852097	-0.9309773090682716	0.0000000000000001	-0.5374999999999998	-0.8062499999999999	0.4654886545341361	-0.5374999999999998	0.3750000000000000	0.2010000000000000	0.4240000000000000	0.095	0.025	0.880
0.8968088177445295	0.2402991984797564	0.3714703751655651	-1.0383702632607483	0.0000000000000001	-0.2782304734852097	-0.8992550265181436	-0.5191851316303738	-0.2782304734852097	-0.9309773090682716	0.0000000000000001	-0.5374999999999998	0.3750000000000000	0.2010000000000000	0.4240000000000000	0.095	0.025	0.880
0.8968088177445298	0.2402991984797564	0.3714703751655649	-0.8992550265181436	-0.5191851316303738	-0.2782304734852097	-0.8062500000000002	-0.4654886545341355	-0.5374999999999998	-0.9309773090682716	0.0000000000000001	-0.5374999999999998	0.3750000000000000	0.2010000000000000	0.4240000000000000	0.095	0.025	0.880
0.6565096192647735	0.6565096192647726	0.3714703751655650	-0.8992550265181436	-0.5191851316303738	-0.2782304734852097	-0.5191851316303746	-0.8992550265181433	-0.2782304734852097	-0.8062500000000002	-0.4654886545341355	-0.5374999999999998	0.3750000000000000	0.2010000000000000	0.4240000000000000	0.095	0.025	0.880
0.6565096192647732	0.6565096192647727	0.3714703751655650	-0.5191851316303746	-0.8992550265181433	-0.2782304734852097	-0.4654886545341362	-0.8062499999999999	-0.5374999999999998	-0.8062500000000002	-0.4654886545341355	-0.5374999999999998	0.3750000000000000	0.2010000000000000	0.4240000000000000	0.095	0.025	0.880
0.2402991984797568	0.8968088177445296	0.3714703751655650	-0.5191851316303746	-0.8992550265181433	-0.2782304734852097	-0.0000000000000002	-1.0383702632607483	-0.2782304734852097	-0.4654886545341362	-0.8062499999999999	-0.5374999999999998	0.3750000000000000	0.2010000000000000	0.4240000000000000	0.095	0.025	0.880
0.2402991984797567	0.8968088177445295	0.3714703751655650	-0.0000000000000002	-1.0383702632607483	-0.2782304734852097	-0.0000000000000002	-0.9309773090682716	-0.5374999999999998	-0.4654886545341362	-0.8062499999999999	-0.5374999999999998	0.3750000000000000	0.2010000000000000	0.4240000000000000	0.095	0.025	0.880
-0.2402991984797562	0.8968088177445298	0.3714703751655652	-0.0000000000000002	-1.0383702632607483	-0.2782304734852097	0.5191851316303735	-0.8992550265181438	-0.2782304734852097	-0.0000000000000002	-0.9309773090682716	-0.5374999999999998	0.3750000000000000	0.2010000000000000	0.4240000000000000	0.095	0.025	0.880
-0.2402991984797562	0.8968088177445296	0.3714703751655651	0.5191851316303735	-0.8992550265181438	-0.2782304734852097	0.4654886545341352	-0.8062500000000004	-0.5374999999999998	-0.0000000000000002	-0.9309773090682716	-0.5374999999999998	0.3750000000000000	0.2010000000000000	0.4240000000000000	0.095	0.025	0.880
-0.6565096192647725	0.6565096192647734	0.3714703751655651	0.5191851316303735	-0.8992550265181438	-0.2782304734852097	0.8992550265181432	-0.5191851316303746	-0.2782304734852097	0.4654886545341352	-0.8062500000000004	-0.5374999999999998	0.3750000000000000	0.2010000000000000	0.4240000000000000	0.095	0.025	0.880
-0.6565096192647727	0.6565096192647734	0.3714703751655650	0.8992550265181432	-0.5191851316303746	-0.2782304734852097	0.8062499999999998	-0.4654886545341362	-0.5374999999999998	0.4654886545341352	-0.8062500000000004	-0.5374999999999998	0.3750000000000000	0.2010000000000000	0.4240000000000000	0.095	0.025	0.880
-0.8968088177445296	0.2402991984797571	0.3714703751655651	0.8992550265181432	-0.5191851316303746	-0.2782304734852097	1.0383702632607483	-0.0000000000000003	-0.2782304734852097	0.8062499999999998	-0.4654886545341362	-0.5374999999999998	0.3750000000000000	0.2010000000000000	0.4240000000000000	0.095	0.025	0.880
-0.8968088177445294	0.2402991984797569	0.3714703751655651	1.0383702632607483	-0.0000000000000003	-0.2782304734852097	0.9309773090682716	-0.0000000000000002	-0.5374999999999998	0.8062499999999998	-0.4654886545341362	-0.5374999999999998	0.3750000000000000	0.2010000000000000	0.4240000000000000	0.095	0.025	0.880
-0.7760132217981930	-0.2079321160966994	0.5954558881142559	0.9309773090682716	0.0000000000000000	-0.5374999999999998	0.8062500000000001	0.4654886545341357	-0.5374999999999998	0.7601397897755386	0.0000000000000000	-0.7601397897755385	0.3750000000000000	0.2010000000000000	0.4240000000000000	0.095	0.025	0.880
-0.7760132217981930	-0.2079321160966995	0.5954558881142559	0.8062500000000001	0.4654886545341357	-0.5374999999999998	0.6583003683729792	0.3800698948877692	-0.7601397897755385	0.7601397897755386	0.0000000000000000	-0.7601397897755385	0.3750000000000000	0.2010000000000000	0.4240000000000000	0.095	0.025	0.880
-0.5680811057014935	-0.5680811057014933	0.5954558881142558	0.8062500000000001	0.4654886545341357	-0.5374999999999998	0.4654886545341359	0.8062500000000000	-0.5374999999999998	0.6583003683729792	0.3800698948877692	-0.7601397897755385	0.3750000000000000	0.2010000000000000	0.4240000000000000	0.095	0.025	0.880
-0.5680811057014934	-0.5680811057014934	0.5954558881142560	0.4654886545341359	0.8062500000000000	-0.5374999999999998	0.3800698948877694	0.6583003683729791	-0.7601397897755385	0.6583003683729792	0.3800698948877692	-0.7601397897755385	0.3750000000000000	0.2010000000000000	0.4240000000000000	0.095	0.025	0.880
-0.2079321160966995	-0.7760132217981929	0.5954558881142560	0.4654886545341359	0.8062500000000000	-0.5374999999999998	0.0000000000000001	0.9309773090682716	-0.5374999999999998	0.3800698948877694	0.6583003683729791	-0.7601397897755385	0.3750000000000000	0.2010000000000000	0.4240000000000000	0.095	0.025	0.880
-0.2079321160966996	-0.7760132217981930	0.5954558881142559	0.0000000000000001	0.9309773090682716	-0.5374999999999998	0.0000000000000000	0.7601397897755386	-0.7601397897755385	0.3800698948877694	0.6583003683729791	-0.7601397897755385	0.3750000000000000	0.2010000000000000	0.4240000000000000	0.095	0.025	0.880
0.2079321160966994	-0.7760132217981931	0.5954558881142558	0.0000000000000001	0.9309773090682716	-0.5374999999999998	-0.4654886545341356	0.8062500000000001	-0.5374999999999998	0.0000000000000000	0.7601397897755386	-0.7601397897755385	0.3750000000000000	0.2010000000000000	0.4240000000000000	0.095	0.025	0.880
0.2079321160966995	-0.7760132217981931	0.5954558881142559	-0.4654886545341356	0.8062500000000001	-0.5374999999999998	-0.3800698948877692	0.6583003683729792	-0.7601397897755385	0.0000000000000000	0.7601397897755386	-0.7601397897755385	0.3750000000000000	0.2010000000000000	0.4240000000000000	0.095	0.025	0.880
0.5680811057014933	-0.5680811057014937	0.5954558881142559	-0.4654886545341356	0.8062500000000001	-0.5374999999999998	-0.8062499999999999	0.4654886545341361	-0.5374999999999998	-0.3800698948877692	0.6583003683729792	-0.7601397897755385	0.3750000000000000	0.2010000000000000	0.4240000000000000	0.095	0.025	0.880
0.5680811057014933	-0.5680811057014937	0.5954558881142560	-0.8062499999999999	0.4654886545341361	-0.5374999999999998	-0.6583003683729790	0.3800698948877696	-0.7601397897755385	-0.3800698948877692	0.6583003683729792	-0.7601397897755385	0.3750000000000000	0.2010000000000000	0.4240000000000000	0.095	0.025	0.880
0.7760132217981929	-0.2079321160966996	0.5954558881142559	-0.8062499999999999	0.4654886545341361	-0.5374999999999998	-0.9309773090682716	0.0000000000000001	-0.5374999999999998	-0.6583003683729790	0.3800698948877696	-0.7601397897755385	0.3750000000000000	0.2010000000000000	0.4240000000000000	0.095	0.025	0.880
0.7760132217981930	-0.2079321160966997	0.5954558881142558	-0.9309773090682716	0.0000000000000001	-0.5374999999999998	-0.7601397897755386	0.0000000000000001	-0.7601397897755385	-0.6583003683729790	0.3800698948877696	-0.7601397897755385	0.3750000000000000	0.2010000000000000	0.4240000000000000	0.095	0.025	0.880
0.7760132217981930	0.2079321160966993	0.5954558881142558	-0.9309773090682716	0.0000000000000001	-0.5374999999999998	-0.8062500000000002	-0.4654886545341355	-0.5374999999999998	-0.7601397897755386	0.0000000000000001	-0.7601397897755385	0.3750000000000000	0.2010000000000000	0.4240000000000000	0.095	0.025	0.880
0.7760132217981931	0.2079321160966992	0.5954558881142559	-0.8062500000000002	-0.4654886545341355	-0.5374999999999998	-0.6583003683729793	-0.3800698948877691	-0.7601397897755385	-0.7601397897755386	0.0000000000000001	-0.7601397897755385	0.3750000000000000	0.2010000000000000	0.4240000000000000	0.095	0.025	0.880
0.5680811057014938	0.5680811057014933	0.5954558881142559	-0.8062500000000002	-0.4654886545341355	-0.5374999999999998	-0.4654886545341362	-0.8062499999999999	-0.5374999999999998	-0.6583003683729793	-0.3800698948877691	-0.7601397897755385	0.3750000000000000	0.2010000000000000	0.4240000000000000	0.095	0.025	0.880
0.5680811057014935	0.5680811057014932	0.5954558881142561	-0.4654886545341362	-0.8062499999999999	-0.5374999999999998	-0.3800698948877696	-0.6583003683729790	-0.7601397897755385	-0.6583003683729793	-0.3800698948877691	-0.7601397897755385	0.3750000000000000	0.2010000000000000	0.4240000000000000	0.095	0.025	0.880
0.2079321160966996	0.7760132217981929	0.5954558881142559	-0.4654886545341362	-0.8062499999999999	-0.5374999999999998	-0.0000000000000002	-0.9309773090682716	-0.5374999999999998	-0.3800698948877696	-0.6583003683729790	-0.7601397897755385	0.3750000000000000	0.2010000000000000	0.4240000000000000	0.095	0.025	0.880
0.2079321160966997	0.7760132217981930	0.5954558881142558	-0.0000000000000002	-0.9309773090682716	-0.5374999999999998	-0.0000000000000001	-0.7601397897755386	-0.7601397897755385	-0.3800698948877696	-0.6583003683729790	-0.7601397897755385	0.3750000000000000	0.2010000000000000	0.4240000000000000	0.095	0.025	0.880
-0.2079321160966992	0.7760132217981933	0.5954558881142559	-0.0000000000000002	-0.9309773090682716	-0.5374999999999998	0.4654886545341352	-0.8062500000000004	-0.5374999999999998	-0.0000000000000001	-0.7601397897755386	-0.7601397897755385	0.3750000000000000	0.2010000000000000	0.4240000000000000	0.095	0.025	0.880
-0.2079321160966992	0.7760132217981932	0.5954558881142558	0.4654886545341352	-0.8062500000000004	-0.5374999999999998	0.3800698948877688	-0.6583003683729794	-0.7601397897755385	-0.0000000000000001	-0.7601397897755386	-0.7601397897755385	0.3750000000000000	0.2010000000000000	0.4240000000000000	0.095	0.025	0.880
-0.5680811057014932	0.5680811057014939	0.5954558881142558	0.4654886545341352	-0.8062500000000004	-0.5374999999999998	0.8062499999999998	-0.4654886545341362	-0.5374999999999998	0.3800698948877688	-0.6583003683729794	-0.7601397897755385	0.3750000000000000	0.2010000000000000	0.4240000000000000	0.095	0.025	0.880
-0.5680811057014933	0.5680811057014938	0.5954558881142558	0.8062499999999998	-0.4654886545341362	-0.5374999999999998	0.6583003683729790	-0.3800698948877696	-0.7601397897755385	0.3800698948877688	-0.6583003683729794	-0.7601397897755385	0.3750000000000000	0.2010000000000000	0.4240000000000000	0.095	0.025	0.880
-0.7760132217981931	0.2079321160966998	0.5954558881142558	0.8062499999999998	-0.4654886545341362	-0.5374999999999998	0.9309773090682716	-0.0000000000000002	-0.5374999999999998	0.6583003683729790	-0.3800698948877696	-0.7601397897755385	0.3750000000000000	0.2010000000000000	0.4240000000000000	0.095	0.025	0.880
-0.7760132217981930	0.2079321160966998	0.5954558881142558	0.9309773090682716	-0.0000000000000002	-0.5374999999999998	0.7601397897755386	-0.0000000000000002	-0.7601397897755385	0.6583003683729790	-0.3800698948877696	-0.7601397897755385	0.3750000000000000	0.2010000000000000	0.4240000000000000	0.095	0.025	0.880
-0.6008208219532749	-0.1609894540381833	0.7830049397008161	0.7601397897755386	0.0000000000000000	-0.7601397897755385	0.6583003683729792	0.3800698948877692	-0.7601397897755385	0.5375000000000003	0.0000000000000000	-0.9309773090682714	0.3750000000000000	0.2010000000000000	0.4240000000000000	0.095	0.025	0.880
-0.6008208219532750	-0.1609894540381833	0.7830049397008160	0.6583003683729792	0.3800698948877692	-0.7601397897755385	0.4654886545341361	0.2687500000000001	-0.9309773090682714	0.5375000000000003	0.0000000000000000	-0.9309773090682714	0.3750000000000000	0.2010000000000000	0.4240000000000000	0.095	0.025	0.880
-0.4398313679150916	-0.4398313679150916	0.7830049397008161	0.6583003683729792	0.3800698948877692	-0.7601397897755385	0.3800698948877694	0.6583003683729791	-0.7601397897755385	0.4654886545341361	0.2687500000000001	-0.9309773090682714	0.3750000000000000	0.2010000000000000	0.4240000000000000	0.095	0.025	0.880
-0.4398313679150915	-0.4398313679150916	0.7830049397008161	0.3800698948877694	0.6583003683729791	-0.7601397897755385	0.2687500000000002	0.4654886545341360	-0.9309773090682714	0.4654886545341361	0.2687500000000001	-0.9309773090682714	0.3750000000000000	0.2010000000000000	0.4240000000000000	0.095	0.025	0.880
-0.1609894540381834	-0.6008208219532749	0.7830049397008161	0.3800698948877694	0.6583003683729791	-0.7601397897755385	0.0000000000000000	0.7601397897755386	-0.7601397897755385	0.2687500000000002	0.4654886545341360	-0.9309773090682714	0.3750000000000000	0.2010000000000000	0.4240000000000000	0.095	0.025	0.880
-0.1609894540381834	-0.6008208219532750	0.7830049397008162	0.0000000000000000	0.7601397897755386	-0.7601397897755385	0.0000000000000000	0.5375000000000003	-0.9309773090682714	0.2687500000000002	0.4654886545341360	-0.9309773090682714	0.3750000000000000	0.2010000000000000	0.4240000000000000	0.095	0.025	0.880
0.1609894540381833	-0.6008208219532749	0.7830049397008161	0.0000000000000000	0.7601397897755386	-0.7601397897755385	-0.3800698948877692	0.6583003683729792	-0.7601397897755385	0.0000000000000000	0.5375000000000003	-0.9309773090682714	0.3750000000000000	0.2010000000000000	0.4240000000000000	0.095	0.025	0.880
0.1609894540381833	-0.6008208219532750	0.7830049397008161	-0.3800698948877692	0.6583003683729792	-0.7601397897755385	-0.2687500000000000	0.4654886545341361	-0.9309773090682714	0.0000000000000000	0.5375000000000003	-0.9309773090682714	0.3750000000000000	0.2010000000000000	0.4240000000000000	0.095	0.025	0.880
0.4398313679150914	-0.4398313679150916	0.7830049397008162	-0.3800698948877692	0.6583003683729792	-0.7601397897755385	-0.6583003683729790	0.3800698948877696	-0.7601397897755385	-0.2687500000000000	0.4654886545341361	-0.9309773090682714	0.3750000000000000	0.2010000000000000	0.4240000000000000	0.095	0.025	0.880
0.4398313679150914	-0.4398313679150919	0.7830049397008162	-0.6583003683729790	0.3800698948877696	-0.7601397897755385	-0.4654886545341360	0.2687500000000003	-0.9309773090682714	-0.2687500000000000	0.4654886545341361	-0.9309773090682714	0.3750000000000000	0.2010000000000000	0.4240000000000000	0.095	0.025	0.880
0.6008208219532750	-0.1609894540381836	0.7830049397008161	-0.6583003683729790	0.3800698948877696	-0.7601397897755385	-0.7601397897755386	0.0000000000000001	-0.7601397897755385	-0.4654886545341360	0.2687500000000003	-0.9309773090682714	0.3750000000000000	0.2010000000000000	0.4240000000000000	0.095	0.025	0.880
0.6008208219532750	-0.1609894540381834	0.7830049397008162	-0.7601397897755386	0.0000000000000001	-0.7601397897755385	-0.5375000000000003	0.0000000000000001	-0.9309773090682714	-0.4654886545341360	0.2687500000000003	-0.9309773090682714	0.3750000000000000	0.2010000000000000	0.4240000000000000	0.095	0.025	0.880
0.6008208219532749	0.1609894540381832	0.7830049397008161	-0.7601397897755386	0.0000000000000001	-0.7601397897755385	-0.6583003683729793	-0.3800698948877691	-0.7601397897755385	-0.5375000000000003	0.0000000000000001	-0.9309773090682714	0.3750000000000000	0.2010000000000000	0.4240000000000000	0.095	0.025	0.880
0.6008208219532749	0.1609894540381832	0.7830049397008162	-0.6583003683729793	-0.3800698948877691	-0.7601397897755385	-0.4654886545341361	-0.2687500000000000	-0.9309773090682714	-0.5375000000000003	0.0000000000000001	-0.9309773090682714	0.3750000000000000	0.2010000000000000	0.4240000000000000	0.095	0.025	0.880
0.4398313679150916	0.4398313679150914	0.7830049397008162	-0.6583003683729793	-0.3800698948877691	-0.7601397897755385	-0.3800698948877696	-0.6583003683729790	-0.7601397897755385	-0.4654886545341361	-0.2687500000000000	-0.9309773090682714	0.3750000000000000	0.2010000000000000	0.4240000000000000	0.095	0.025	0.880
0.4398313679150919	0.4398313679150914	0.7830049397008161	-0.3800698948877696	-0.6583003683729790	-0.7601397897755385	-0.2687500000000004	-0.4654886545341360	-0.9309773090682714	-0.4654886545341361	-0.2687500000000000	-0.9309773090682714	0.3750000000000000	0.2010000000000000	0.4240000000000000	0.095	0.025	0.880
0.1609894540381836	0.6008208219532750	0.7830049397008161	-0.3800698948877696	-0.6583003683729790	-0.7601397897755385	-0.0000000000000001	-0.7601397897755386	-0.7601397897755385	-0.2687500000000004	-0.4654886545341360	-0.9309773090682714	0.3750000000000000	0.2010000000000000	0.4240000000000000	0.095	0.025	0.880
0.1609894540381833	0.6008208219532749	0.7830049397008161	-0.0000000000000001	-0.7601397897755386	-0.7601397897755385	-0.0000000000000001	-0.5375000000000003	-0.9309773090682714	-0.2687500000000004	-0.4654886545341360	-0.9309773090682714	0.3750000000000000	0.2010000000000000	0.4240000000000000	0.095	0.025	0.880
-0.1609894540381831	0.6008208219532750	0.7830049397008161	-0.0000000000000001	-0.7601397897755386	-0.7601397897755385	0.3800698948877688	-0.6583003683729794	-0.7601397897755385	-0.0000000000000001	-0.5375000000000003	-0.9309773090682714	0.3750000000000000	0.2010000000000000	0.4240000000000000	0.095	0.025	0.880
-0.1609894540381832	0.6008208219532749	0.7830049397008162	0.3800698948877688	-0.6583003683729794	-0.7601397897755385	0.2687499999999998	-0.4654886545341362	-0.9309773090682714	-0.0000000000000001	-0.5375000000000003	-0.9309773090682714	0.3750000000000000	0.2010000000000000	0.4240000000000000	0.095	0.025	0.880
-0.4398313679150913	0.4398313679150918	0.7830049397008161	0.3800698948877688	-0.6583003683729794	-0.7601397897755385	0.6583003683729790	-0.3800698948877696	-0.7601397897755385	0.2687499999999998	-0.4654886545341362	-0.9309773090682714	0.3750000000000000	0.2010000000000000	0.4240000000000000	0.095	0.025	0.880
-0.4398313679150913	0.4398313679150920	0.7830049397008161	0.6583003683729790	-0.3800698948877696	-0.7601397897755385	0.4654886545341359	-0.2687500000000004	-0.9309773090682714	0.2687499999999998	-0.4654886545341362	-0.9309773090682714	0.3750000000000000	0.2010000000000000	0.4240000000000000	0.095	0.025	0.880
-0.6008208219532749	0.1609894540381836	0.7830049397008162	0.6583003683729790	-0.3800698948877696	-0.7601397897755385	0.7601397897755386	-0.0000000000000002	-0.7601397897755385	0.4654886545341359	-0.2687500000000004	-0.9309773090682714	0.3750000000000000	0.2010000000000000	0.4240000000000000	0.095	0.025	0.880
-0.6008208219532749	0.1609894540381836	0.7830049397008161	0.7601397897755386	-0.0000000000000002	-0.7601397897755385	0.5375000000000003	-0.0000000000000001	-0.9309773090682714	0.4654886545341359	-0.2687500000000004	-0.9309773090682714	0.3750000000000000	0.2010000000000000	0.4240000000000000	0.095	0.025	0.880
-0.3806873175022789	-0.1020048592935059	0.9190604849374339	0.5375000000000003	0.0000000000000000	-0.9309773090682714	0.4654886545341361	0.2687500000000001	-0.9309773090682714	0.2782304734852100	0.0000000000000000	-1.0383702632607483	0.3750000000000000	0.2010000000000000	0.4240000000000000	0.095	0.025	0.880
-0.3806873175022789	-0.1020048592935060	0.9190604849374339	0.4654886545341361	0.2687500000000001	-0.9309773090682714	0.2409546581451646	0.1391152367426050	-1.0383702632607483	0.2782304734852100	0.0000000000000000	-1.0383702632607483	0.3750000000000000	0.2010000000000000	0.4240000000000000	0.095	0.025	0.880
-0.2786824582087729	-0.2786824582087729	0.9190604849374339	0.4654886545341361	0.2687500000000001	-0.9309773090682714	0.2687500000000002	0.4654886545341360	-0.9309773090682714	0.2409546581451646	0.1391152367426050	-1.0383702632607483	0.3750000000000000	0.2010000000000000	0.4240000000000000	0.095	0.025	0.880
-0.2786824582087731	-0.2786824582087729	0.9190604849374338	0.2687500000000002	0.4654886545341360	-0.9309773090682714	0.1391152367426051	0.2409546581451646	-1.0383702632607483	0.2409546581451646	0.1391152367426050	-1.0383702632607483	0.3750000000000000	0.2010000000000000	0.4240000000000000	0.095	0.025	0.880
-0.1020048592935061	-0.3806873175022790	0.9190604849374339	0.2687500000000002	0.4654886545341360	-0.9309773090682714	0.0000000000000000	0.5375000000000003	-0.9309773090682714	0.1391152367426051	0.2409546581451646	-1.0383702632607483	0.3750000000000000	0.2010000000000000	0.4240000000000000	0.095	0.025	0.880
-0.1020048592935058	-0.3806873175022790	0.9190604849374339	0.0000000000000000	0.5375000000000003	-0.9309773090682714	0.0000000000000000	0.2782304734852100	-1.0383702632607483	0.1391152367426051	0.2409546581451646	-1.0383702632607483	0.3750000000000000	0.2010000000000000	0.4240000000000000	0.095	0.025	0.880
0.1020048592935060	-0.3806873175022789	0.9190604849374339	0.0000000000000000	0.5375000000000003	-0.9309773090682714	-0.2687500000000000	0.4654886545341361	-0.9309773090682714	0.0000000000000000	0.2782304734852100	-1.0383702632607483	0.3750000000000000	0.2010000000000000	0.4240000000000000	0.095	0.025	0.880
0.1020048592935060	-0.3806873175022790	0.9190604849374339	-0.2687500000000000	0.4654886545341361	-0.9309773090682714	-0.1391152367426050	0.2409546581451646	-1.0383702632607483	0.0000000000000000	0.2782304734852100	-1.0383702632607483	0.3750000000000000	0.2010000000000000	0.4240000000000000	0.095	0.025	0.880
0.2786824582087728	-0.2786824582087731	0.9190604849374339	-0.2687500000000000	0.4654886545341361	-0.9309773090682714	-0.4654886545341360	0.2687500000000003	-0.9309773090682714	-0.1391152367426050	0.2409546581451646	-1.0383702632607483	0.3750000000000000	0.2010000000000000	0.4240000000000000	0.095	0.025	0.880
0.2786824582087729	-0.2786824582087730	0.9190604849374339	-0.4654886545341360	0.2687500000000003	-0.9309773090682714	-0.2409546581451646	0.1391152367426051	-1.0383702632607483	-0.1391152367426050	0.2409546581451646	-1.0383702632607483	0.3750000000000000	0.2010000000000000	0.4240000000000000	0.095	0.025	0.880
0.3806873175022790	-0.1020048592935061	0.9190604849374339	-0.4654886545341360	0.2687500000000003	-0.9309773090682714	-0.5375000000000003	0.0000000000000001	-0.9309773090682714	-0.2409546581451646	0.1391152367426051	-1.0383702632607483	0.3750000000000000	0.2010000000000000	0.4240000000000000	0.095	0.025	0.880
0.3806873175022790	-0.1020048592935058	0.9190604849374339	-0.5375000000000003	0.0000000000000001	-0.9309773090682714	-0.2782304734852100	0.0000000000000000	-1.0383702632607483	-0.2409546581451646	0.1391152367426051	-1.0383702632607483	0.3750000000000000	0.2010000000000000	0.4240000000000000	0.095	0.025	0.880
0.3806873175022790	0.1020048592935060	0.9190604849374339	-0.5375000000000003	0.0000000000000001	-0.9309773090682714	-0.4654886545341361	-0.2687500000000000	-0.9309773090682714	-0.2782304734852100	0.0000000000000000	-1.0383702632607483	0.3750000000000000	0.2010000000000000	0.4240000000000000	0.095	0.025	0.880
0.3806873175022790	0.1020048592935060	0.9190604849374339	-0.4654886545341361	-0.2687500000000000	-0.9309773090682714	-0.2409546581451646	-0.1391152367426050	-1.0383702632607483	-0.2782304734852100	0.0000000000000000	-1.0383702632607483	0.3750000000000000	0.2010000000000000	0.4240000000000000	0.095	0.025	0.880
0.2786824582087731	0.2786824582087728	0.9190604849374339	-0.4654886545341361	-0.2687500000000000	-0.9309773090682714	-0.2687500000000004	-0.4654886545341360	-0.9309773090682714	-0.2409546581451646	-0.1391152367426050	-1.0383702632607483	0.3750000000000000	0.2010000000000000	0.4240000000000000	0.095	0.025	0.880
0.2786824582087731	0.2786824582087726	0.9190604849374338	-0.2687500000000004	-0.4654886545341360	-0.9309773090682714	-0.1391152367426052	-0.2409546581451646	-1.0383702632607483	-0.2409546581451646	-0.1391152367426050	-1.0383702632607483	0.3750000000000000	0.2010000000000000	0.4240000000000000	0.095	0.025	0.880
0.1020048592935061	0.3806873175022790	0.9190604849374339	-0.2687500000000004	-0.4654886545341360	-0.9309773090682714	-0.0000000000000001	-0.5375000000000003	-0.9309773090682714	-0.1391152367426052	-0.2409546581451646	-1.0383702632607483	0.3750000000000000	0.2010000000000000	0.4240000000000000	0.095	0.025	0.880
0.1020048592935058	0.3806873175022790	0.9190604849374339	-0.0000000000000001	-0.5375000000000003	-0.9309773090682714	-0.0000000000000001	-0.2782304734852100	-1.0383702632607483	-0.1391152367426052	-0.2409546581451646	-1.0383702632607483	0.3750000000000000	0.2010000000000000	0.4240000000000000	0.095	0.025	0.880
-0.1020048592935059	0.3806873175022789	0.9190604849374339	-0.0000000000000001	-0.5375000000000003	-0.9309773090682714	0.2687499999999998	-0.4654886545341362	-0.9309773090682714	-0.0000000000000001	-0.2782304734852100	-1.0383702632607483	0.3750000000000000	0.2010000000000000	0.4240000000000000	0.095	0.025	0.880
-0.1020048592935058	0.3806873175022792	0.9190604849374339	0.2687499999999998	-0.4654886545341362	-0.9309773090682714	0.1391152367426048	-0.2409546581451647	-1.0383702632607483	-0.0000000000000001	-0.2782304734852100	-1.0383702632607483	0.3750000000000000	0.2010000000000000	0.4240000000000000	0.095	0.025	0.880
-0.2786824582087727	0.2786824582087731	0.9190604849374339	0.2687499999999998	-0.4654886545341362	-0.9309773090682714	0.4654886545341359	-0.2687500000000004	-0.9309773090682714	0.1391152367426048	-0.2409546581451647	-1.0383702632607483	0.3750000000000000	0.2010000000000000	0.4240000000000000	0.095	0.025	0.880
-0.2786824582087726	0.2786824582087735	0.9190604849374338	0.4654886545341359	-0.2687500000000004	-0.9309773090682714	0.2409546581451646	-0.1391152367426052	-1.0383702632607483	0.1391152367426048	-0.2409546581451647	-1.0383702632607483	0.3750000000000000	0.2010000000000000	0.4240000000000000	0.095	0.025	0.880
-0.3806873175022790	0.1020048592935062	0.9190604849374338	0.4654886545341359	-0.2687500000000004	-0.9309773090682714	0.5375000000000003	-0.0000000000000001	-0.9309773090682714	0.2409546581451646	-0.1391152367426052	-1.0383702632607483	0.3750000000000000	0.2010000000000000	0.4240000000000000	0.095	0.025	0.880
-0.3806873175022790	0.1020048592935058	0.9190604849374339	0.5375000000000003	-0.0000000000000001	-0.9309773090682714	0.2782304734852100	-0.0000000000000001	-1.0383702632607483	0.2409546581451646	-0.1391152367426052	-1.0383702632607483	0.3750000000000000	0.2010000000000000	0.4240000000000000	0.095	0.025	0.880
