%%%%% Spacecraft Geometry
% Each row is one triangular surface
% Columns 1-3 are inward surface normal
% Columns 4-6, 7-9, 10-12 are coordinates of the vertices in body-fixed frame (m)
% Columns 13-18 are the coefficients of diffuse reflection, specular reflection, and absorption in (1) visible and (2) infrared spectrum
-0.1304464350539617	-0.0349530169282282	-0.9908390455514596	0.0000000000000000	0.0000000000000000	0.1820000000000000	0.0407941839836464	0.0235525331043294	0.1757985003846104	0.0471050662086588	0.0000000000000000	0.1757985003846104	0.3750000000000000	0.2010000000000000	0.4240000000000000	0.095	0.025	0.880
-0.1304464350539617	-0.0349530169282276	0.9908390455514596	0.0000000000000000	0.0000000000000000	-0.1820000000000000	0.0471050662086588	0.0000000000000000	-0.1757985003846104	0.0407941839836465	0.0235525331043294	-0.1757985003846104	0.3750000000000000	0.2010000000000000	0.4240000000000000	0.095	0.025	0.880
-0.0954934181257338	-0.0954934181257338	-0.9908390455514596	0.0000000000000000	0.0000000000000000	0.1820000000000000	0.0235525331043294	0.0407941839836464	0.1757985003846104	0.0407941839836464	0.0235525331043294	0.1757985003846104	0.3750000000000000	0.2010000000000000	0.4240000000000000	0.095	0.025	0.880
-0.0954934181257337	-0.0954934181257337	0.9908390455514597	0.0000000000000000	0.0000000000000000	-0.1820000000000000	0.0407941839836465	0.0235525331043294	-0.1757985003846104	0.0235525331043294	0.0407941839836465	-0.1757985003846104	0.3750000000000000	0.2010000000000000	0.4240000000000000	0.095	0.025	0.880
-0.0349530169282282	-0.1304464350539617	-0.9908390455514596	0.0000000000000000	0.0000000000000000	0.1820000000000000	0.0000000000000000	0.0471050662086588	0.1757985003846104	0.0235525331043294	0.0407941839836464	0.1757985003846104	0.3750000000000000	0.2010000000000000	0.4240000000000000	0.095	0.025	0.880
-0.0349530169282276	-0.1304464350539617	0.9908390455514596	0.0000000000000000	0.0000000000000000	-0.1820000000000000	0.0235525331043294	0.0407941839836465	-0.1757985003846104	0.0000000000000000	0.0471050662086588	-0.1757985003846104	0.3750000000000000	0.2010000000000000	0.4240000000000000	0.095	0.025	0.880
0.0349530169282282	-0.1304464350539617	-0.9908390455514596	0.0000000000000000	0.0000000000000000	0.1820000000000000	-0.0235525331043294	0.0407941839836464	0.1757985003846104	0.0000000000000000	0.0471050662086588	0.1757985003846104	0.3750000000000000	0.2010000000000000	0.4240000000000000	0.095	0.025	0.880
0.0349530169282276	-0.1304464350539617	0.9908390455514596	0.0000000000000000	0.0000000000000000	-0.1820000000000000	0.0000000000000000	0.0471050662086588	-0.1757985003846104	-0.0235525331043294	0.0407941839836465	-0.1757985003846104	0.3750000000000000	0.2010000000000000	0.4240000000000000	0.095	0.025	0.880
0.0954934181257338	-0.0954934181257338	-0.9908390455514596	0.0000000000000000	0.0000000000000000	0.1820000000000000	-0.0407941839836464	0.0235525331043294	0.1757985003846104	-0.0235525331043294	0.0407941839836464	0.1757985003846104	0.3750000000000000	0.2010000000000000	0.4240000000000000	0.095	0.025	0.880
0.0954934181257337	-0.0954934181257337	0.9908390455514597	0.0000000000000000	0.0000000000000000	-0.1820000000000000	-0.0235525331043294	0.0407941839836465	-0.1757985003846104	-0.0407941839836465	0.0235525331043294	-0.1757985003846104	0.3750000000000000	0.2010000000000000	0.4240000000000000	0.095	0.025	0.880
0.1304464350539617	-0.0349530169282282	-0.9908390455514596	0.0000000000000000	0.0000000000000000	0.1820000000000000	-0.0471050662086588	0.0000000000000000	0.1757985003846104	-0.0407941839836464	0.0235525331043294	0.1757985003846104	0.3750000000000000	0.2010000000000000	0.4240000000000000	0.095	0.025	0.880
0.1304464350539617	-0.0349530169282276	0.9908390455514596	0.0000000000000000	0.0000000000000000	-0.1820000000000000	-0.0407941839836465	0.0235525331043294	-0.1757985003846104	-0.0471050662086588	0.0000000000000000	-0.1757985003846104	0.3750000000000000	0.2010000000000000	0.4240000000000000	0.095	0.025	0.880
0.1304464350539617	0.0349530169282282	-0.9908390455514596	0.0000000000000000	0.0000000000000000	0.1820000000000000	-0.0407941839836464	-0.0235525331043294	0.1757985003846104	-0.0471050662086588	0.0000000000000000	0.1757985003846104	0.3750000000000000	0.2010000000000000	0.4240000000000000	0.095	0.025	0.880
0.1304464350539617	0.0349530169282276	0.9908390455514596	0.0000000000000000	0.0000000000000000	-0.1820000000000000	-0.0471050662086588	0.0000000000000000	-0.1757985003846104	-0.0407941839836465	-0.0235525331043294	-0.1757985003846104	0.3750000000000000	0.2010000000000000	0.4240000000000000	0.095	0.025	0.880
0.0954934181257338	0.0954934181257338	-0.9908390455514596	0.0000000000000000	0.0000000000000000	0.1820000000000000	-0.0235525331043294	-0.0407941839836464	0.1757985003846104	-0.0407941839836464	-0.0235525331043294	0.1757985003846104	0.3750000000000000	0.2010000000000000	0.4240000000000000	0.095	0.025	0.880
0.0954934181257337	0.0954934181257337	0.9908390455514597	0.0000000000000000	0.0000000000000000	-0.1820000000000000	-0.0407941839836465	-0.0235525331043294	-0.1757985003846104	-0.0235525331043294	-0.0407941839836465	-0.1757985003846104	0.3750000000000000	0.2010000000000000	0.4240000000000000	0.095	0.025	0.880
0.0349530169282282	0.1304464350539617	-0.9908390455514596	0.0000000000000000	0.0000000000000000	0.1820000000000000	-0.0000000000000000	-0.0471050662086588	0.1757985003846104	-0.0235525331043294	-0.0407941839836464	0.1757985003846104	0.3750000000000000	0.2010000000000000	0.4240000000000000	0.095	0.025	0.880
0.0349530169282276	0.1304464350539617	0.9908390455514596	0.0000000000000000	0.0000000000000000	-0.1820000000000000	-0.0235525331043294	-0.0407941839836465	-0.1757985003846104	-0.0000000000000000	-0.0471050662086588	-0.1757985003846104	0.3750000000000000	0.2010000000000000	0.4240000000000000	0.095	0.025	0.880
-0.0349530169282282	0.1304464350539617	-0.9908390455514596	0.0000000000000000	0.0000000000000000	0.1820000000000000	0.0235525331043294	-0.0407941839836464	0.1757985003846104	-0.0000000000000000	-0.0471050662086588	0.1757985003846104	0.3750000000000000	0.2010000000000000	0.4240000000000000	0.095	0.025	0.880
-0.0349530169282276	0.1304464350539617	0.9908390455514596	0.0000000000000000	0.0000000000000000	-0.1820000000000000	-0.0000000000000000	-0.0471050662086588	-0.1757985003846104	0.0235525331043294	-0.0407941839836465	-0.1757985003846104	0.3750000000000000	0.2010000000000000	0.4240000000000000	0.095	0.025	0.880
-0.0954934181257338	0.0954934181257338	-0.9908390455514596	0.0000000000000000	0.0000000000000000	0.1820000000000000	0.0407941839836464	-0.0235525331043294	0.1757985003846104	0.0235525331043294	-0.0407941839836464	0.1757985003846104	0.3750000000000000	0.2010000000000000	0.4240000000000000	0.095	0.025	0.880
-0.0954934181257337	0.0954934181257337	0.9908390455514597	0.0000000000000000	0.0000000000000000	-0.1820000000000000	0.0235525331043294	-0.0407941839836465	-0.1757985003846104	0.0407941839836465	-0.0235525331043294	-0.1757985003846104	0.3750000000000000	0.2010000000000000	0.4240000000000000	0.095	0.025	0.880
-0.1304464350539617	0.0349530169282282	-0.9908390455514596	0.0000000000000000	0.0000000000000000	0.1820000000000000	0.0471050662086588	-0.0000000000000000	0.1757985003846104	0.0407941839836464	-0.0235525331043294	0.1757985003846104	0.3750000000000000	0.2010000000000000	0.4240000000000000	0.095	0.025	0.880
-0.1304464350539617	0.0349530169282276	0.9908390455514596	0.0000000000000000	0.0000000000000000	-0.1820000000000000	0.0407941839836465	-0.0235525331043294	-0.1757985003846104	0.0471050662086588	-0.0000000000000000	-0.1757985003846104	0.3750000000000000	0.2010000000000000	0.4240000000000000	0.095	0.025	0.880
-0.3806873175022791	-0.1020048592935070	-0.9190604849374338	0.0471050662086588	0.0000000000000000	0.1757985003846104	0.0407941839836464	0.0235525331043294	0.1757985003846104	0.0910000000000000	0.0000000000000000	0.1576166234887678	0.3750000000000000	0.2010000000000000	0.4240000000000000	0.095	0.025	0.880
-0.3806873175022789	-0.1020048592935062	-0.9190604849374340	0.0407941839836464	0.0235525331043294	0.1757985003846104	0.0788083117443839	0.0455000000000000	0.1576166234887678	0.0910000000000000	0.0000000000000000	0.1576166234887678	0.3750000000000000	0.2010000000000000	0.4240000000000000	0.095	0.025	0.880
-0.2786824582087729	-0.2786824582087729	-0.9190604849374338	0.0407941839836464	0.0235525331043294	0.1757985003846104	0.0235525331043294	0.0407941839836464	0.1757985003846104	0.0788083117443839	0.0455000000000000	0.1576166234887678	0.3750000000000000	0.2010000000000000	0.4240000000000000	0.095	0.025	0.880
-0.2786824582087729	-0.2786824582087729	-0.9190604849374339	0.0235525331043294	0.0407941839836464	0.1757985003846104	0.0455000000000000	0.0788083117443839	0.1576166234887678	0.0788083117443839	0.0455000000000000	0.1576166234887678	0.3750000000000000	0.2010000000000000	0.4240000000000000	0.095	0.025	0.880
-0.1020048592935068	-0.3806873175022786	-0.9190604849374341	0.0235525331043294	0.0407941839836464	0.1757985003846104	0.0000000000000000	0.0471050662086588	0.1757985003846104	0.0455000000000000	0.0788083117443839	0.1576166234887678	0.3750000000000000	0.2010000000000000	0.4240000000000000	0.095	0.025	0.880
-0.1020048592935063	-0.3806873175022791	-0.9190604849374336	0.0000000000000000	0.0471050662086588	0.1757985003846104	0.0000000000000000	0.0910000000000000	0.1576166234887678	0.0455000000000000	0.0788083117443839	0.1576166234887678	0.3750000000000000	0.2010000000000000	0.4240000000000000	0.095	0.025	0.880
0.1020048592935070	-0.3806873175022791	-0.9190604849374338	0.0000000000000000	0.0471050662086588	0.1757985003846104	-0.0235525331043294	0.0407941839836464	0.1757985003846104	0.0000000000000000	0.0910000000000000	0.1576166234887678	0.3750000000000000	0.2010000000000000	0.4240000000000000	0.095	0.025	0.880
0.1020048592935062	-0.3806873175022789	-0.9190604849374340	-0.0235525331043294	0.0407941839836464	0.1757985003846104	-0.0455000000000000	0.0788083117443839	0.1576166234887678	0.0000000000000000	0.0910000000000000	0.1576166234887678	0.3750000000000000	0.2010000000000000	0.4240000000000000	0.095	0.025	0.880
0.2786824582087729	-0.2786824582087729	-0.9190604849374338	-0.0235525331043294	0.0407941839836464	0.1757985003846104	-0.0407941839836464	0.0235525331043294	0.1757985003846104	-0.0455000000000000	0.0788083117443839	0.1576166234887678	0.3750000000000000	0.2010000000000000	0.4240000000000000	0.095	0.025	0.880
0.2786824582087729	-0.2786824582087729	-0.9190604849374339	-0.0407941839836464	0.0235525331043294	0.1757985003846104	-0.0788083117443839	0.0455000000000000	0.1576166234887678	-0.0455000000000000	0.0788083117443839	0.1576166234887678	0.3750000000000000	0.2010000000000000	0.4240000000000000	0.095	0.025	0.880
0.3806873175022786	-0.1020048592935068	-0.9190604849374341	-0.0407941839836464	0.0235525331043294	0.1757985003846104	-0.0471050662086588	0.0000000000000000	0.1757985003846104	-0.0788083117443839	0.0455000000000000	0.1576166234887678	0.3750000000000000	0.2010000000000000	0.4240000000000000	0.095	0.025	0.880
0.3806873175022791	-0.1020048592935063	-0.9190604849374336	-0.0471050662086588	0.0000000000000000	0.1757985003846104	-0.0910000000000000	0.0000000000000000	0.1576166234887678	-0.0788083117443839	0.0455000000000000	0.1576166234887678	0.3750000000000000	0.2010000000000000	0.4240000000000000	0.095	0.025	0.880
0.3806873175022791	0.1020048592935070	-0.9190604849374338	-0.0471050662086588	0.0000000000000000	0.1757985003846104	-0.0407941839836464	-0.0235525331043294	0.1757985003846104	-0.0910000000000000	0.0000000000000000	0.1576166234887678	0.3750000000000000	0.2010000000000000	0.4240000000000000	0.095	0.025	0.880
0.3806873175022789	0.1020048592935062	-0.9190604849374340	-0.0407941839836464	-0.0235525331043294	0.1757985003846104	-0.0788083117443839	-0.0455000000000000	0.1576166234887678	-0.0910000000000000	0.0000000000000000	0.1576166234887678	0.3750000000000000	0.2010000000000000	0.4240000000000000	0.095	0.025	0.880
0.2786824582087729	0.2786824582087729	-0.9190604849374338	-0.0407941839836464	-0.0235525331043294	0.1757985003846104	-0.0235525331043294	-0.0407941839836464	0.1757985003846104	-0.0788083117443839	-0.0455000000000000	0.1576166234887678	0.3750000000000000	0.2010000000000000	0.4240000000000000	0.095	0.025	0.880
0.2786824582087729	0.2786824582087729	-0.9190604849374339	-0.0235525331043294	-0.0407941839836464	0.1757985003846104	-0.0455000000000000	-0.0788083117443839	0.1576166234887678	-0.0788083117443839	-0.0455000000000000	0.1576166234887678	0.3750000000000000	0.2010000000000000	0.4240000000000000	0.095	0.025	0.880
0.1020048592935068	0.3806873175022786	-0.9190604849374341	-0.0235525331043294	-0.0407941839836464	0.1757985003846104	-0.0000000000000000	-0.0471050662086588	0.1757985003846104	-0.0455000000000000	-0.0788083117443839	0.1576166234887678	0.3750000000000000	0.2010000000000000	0.4240000000000000	0.095	0.025	0.880
0.1020048592935063	0.3806873175022791	-0.9190604849374336	-0.0000000000000000	-0.0471050662086588	0.1757985003846104	-0.0000000000000000	-0.0910000000000000	0.1576166234887678	-0.0455000000000000	-0.0788083117443839	0.1576166234887678	0.3750000000000000	0.2010000000000000	0.4240000000000000	0.095	0.025	0.880
-0.1020048592935070	0.3806873175022791	-0.9190604849374338	-0.0000000000000000	-0.0471050662086588	0.1757985003846104	0.0235525331043294	-0.0407941839836464	0.1757985003846104	-0.0000000000000000	-0.0910000000000000	0.1576166234887678	0.3750000000000000	0.2010000000000000	0.4240000000000000	0.095	0.025	0.880
-0.1020048592935065	0.3806873175022790	-0.9190604849374339	0.0235525331043294	-0.0407941839836464	0.1757985003846104	0.0454999999999999	-0.0788083117443839	0.1576166234887678	-0.0000000000000000	-0.0910000000000000	0.1576166234887678	0.3750000000000000	0.2010000000000000	0.4240000000000000	0.095	0.025	0.880
-0.2786824582087734	0.2786824582087734	-0.9190604849374336	0.0235525331043294	-0.0407941839836464	0.1757985003846104	0.0407941839836464	-0.0235525331043294	0.1757985003846104	0.0454999999999999	-0.0788083117443839	0.1576166234887678	0.3750000000000000	0.2010000000000000	0.4240000000000000	0.095	0.025	0.880
-0.2786824582087725	0.2786824582087734	-0.9190604849374338	0.0407941839836464	-0.0235525331043294	0.1757985003846104	0.0788083117443839	-0.0455000000000000	0.1576166234887678	0.0454999999999999	-0.0788083117443839	0.1576166234887678	0.3750000000000000	0.2010000000000000	0.4240000000000000	0.095	0.025	0.880
-0.3806873175022786	0.1020048592935068	-0.9190604849374341	0.0407941839836464	-0.0235525331043294	0.1757985003846104	0.0471050662086588	-0.0000000000000000	0.1757985003846104	0.0788083117443839	-0.0455000000000000	0.1576166234887678	0.3750000000000000	0.2010000000000000	0.4240000000000000	0.095	0.025	0.880
-0.3806873175022791	0.1020048592935063	-0.9190604849374336	0.0471050662086588	-0.0000000000000000	0.1757985003846104	0.0910000000000000	-0.0000000000000000	0.1576166234887678	0.0788083117443839	-0.0455000000000000	0.1576166234887678	0.3750000000000000	0.2010000000000000	0.4240000000000000	0.095	0.025	0.880
-0.6008208219532731	-0.1609894540381832	-0.7830049397008175	0.0910000000000000	0.0000000000000000	0.1576166234887678	0.0788083117443839	0.0455000000000000	0.1576166234887678	0.1286934341759517	0.0000000000000000	0.1286934341759517	0.3750000000000000	0.2010000000000000	0.4240000000000000	0.095	0.025	0.880
-0.6008208219532734	-0.1609894540381834	-0.7830049397008174	0.0788083117443839	0.0455000000000000	0.1576166234887678	0.1114517832966346	0.0643467170879758	0.1286934341759517	0.1286934341759517	0.0000000000000000	0.1286934341759517	0.3750000000000000	0.2010000000000000	0.4240000000000000	0.095	0.025	0.880
-0.4398313679150906	-0.4398313679150906	-0.7830049397008172	0.0788083117443839	0.0455000000000000	0.1576166234887678	0.0455000000000000	0.0788083117443839	0.1576166234887678	0.1114517832966346	0.0643467170879758	0.1286934341759517	0.3750000000000000	0.2010000000000000	0.4240000000000000	0.095	0.025	0.880
-0.4398313679150906	-0.4398313679150906	-0.7830049397008172	0.0455000000000000	0.0788083117443839	0.1576166234887678	0.0643467170879758	0.1114517832966346	0.1286934341759517	0.1114517832966346	0.0643467170879758	0.1286934341759517	0.3750000000000000	0.2010000000000000	0.4240000000000000	0.095	0.025	0.880
-0.1609894540381832	-0.6008208219532734	-0.7830049397008174	0.0455000000000000	0.0788083117443839	0.1576166234887678	0.0000000000000000	0.0910000000000000	0.1576166234887678	0.0643467170879758	0.1114517832966346	0.1286934341759517	0.3750000000000000	0.2010000000000000	0.4240000000000000	0.095	0.025	0.880
-0.1609894540381833	-0.6008208219532732	-0.7830049397008176	0.0000000000000000	0.0910000000000000	0.1576166234887678	0.0000000000000000	0.1286934341759517	0.1286934341759517	0.0643467170879758	0.1114517832966346	0.1286934341759517	0.3750000000000000	0.2010000000000000	0.4240000000000000	0.095	0.025	0.880
0.1609894540381832	-0.6008208219532731	-0.7830049397008175	0.0000000000000000	0.0910000000000000	0.1576166234887678	-0.0455000000000000	0.0788083117443839	0.1576166234887678	0.0000000000000000	0.1286934341759517	0.1286934341759517	0.3750000000000000	0.2010000000000000	0.4240000000000000	0.095	0.025	0.880
0.1609894540381834	-0.6008208219532734	-0.7830049397008174	-0.0455000000000000	0.0788083117443839	0.1576166234887678	-0.0643467170879758	0.1114517832966346	0.1286934341759517	0.0000000000000000	0.1286934341759517	0.1286934341759517	0.3750000000000000	0.2010000000000000	0.4240000000000000	0.095	0.025	0.880
0.4398313679150906	-0.4398313679150906	-0.7830049397008172	-0.0455000000000000	0.0788083117443839	0.1576166234887678	-0.0788083117443839	0.0455000000000000	0.1576166234887678	-0.0643467170879758	0.1114517832966346	0.1286934341759517	0.3750000000000000	0.2010000000000000	0.4240000000000000	0.095	0.025	0.880
0.4398313679150897	-0.4398313679150906	-0.7830049397008177	-0.0788083117443839	0.0455000000000000	0.1576166234887678	-0.1114517832966346	0.0643467170879759	0.1286934341759517	-0.0643467170879758	0.1114517832966346	0.1286934341759517	0.3750000000000000	0.2010000000000000	0.4240000000000000	0.095	0.025	0.880
0.6008208219532731	-0.1609894540381832	-0.7830049397008176	-0.0788083117443839	0.0455000000000000	0.1576166234887678	-0.0910000000000000	0.0000000000000000	0.1576166234887678	-0.1114517832966346	0.0643467170879759	0.1286934341759517	0.3750000000000000	0.2010000000000000	0.4240000000000000	0.095	0.025	0.880
0.6008208219532732	-0.1609894540381831	-0.7830049397008175	-0.0910000000000000	0.0000000000000000	0.1576166234887678	-0.1286934341759517	0.0000000000000000	0.1286934341759517	-0.1114517832966346	0.0643467170879759	0.1286934341759517	0.3750000000000000	0.2010000000000000	0.4240000000000000	0.095	0.025	0.880
0.6008208219532731	0.1609894540381832	-0.7830049397008175	-0.0910000000000000	0.0000000000000000	0.1576166234887678	-0.0788083117443839	-0.0455000000000000	0.1576166234887678	-0.1286934341759517	0.0000000000000000	0.1286934341759517	0.3750000000000000	0.2010000000000000	0.4240000000000000	0.095	0.025	0.880
0.6008208219532734	0.1609894540381834	-0.7830049397008174	-0.0788083117443839	-0.0455000000000000	0.1576166234887678	-0.1114517832966346	-0.0643467170879758	0.1286934341759517	-0.1286934341759517	0.0000000000000000	0.1286934341759517	0.3750000000000000	0.2010000000000000	0.4240000000000000	0.095	0.025	0.880
0.4398313679150906	0.4398313679150906	-0.7830049397008172	-0.0788083117443839	-0.0455000000000000	0.1576166234887678	-0.0455000000000000	-0.0788083117443839	0.1576166234887678	-0.1114517832966346	-0.0643467170879758	0.1286934341759517	0.3750000000000000	0.2010000000000000	0.4240000000000000	0.095	0.025	0.880
0.4398313679150906	0.4398313679150897	-0.7830049397008177	-0.0455000000000000	-0.0788083117443839	0.1576166234887678	-0.0643467170879759	-0.1114517832966346	0.1286934341759517	-0.1114517832966346	-0.0643467170879758	0.1286934341759517	0.3750000000000000	0.2010000000000000	0.4240000000000000	0.095	0.025	0.880
0.1609894540381832	0.6008208219532731	-0.7830049397008176	-0.0455000000000000	-0.0788083117443839	0.1576166234887678	-0.0000000000000000	-0.0910000000000000	0.1576166234887678	-0.0643467170879759	-0.1114517832966346	0.1286934341759517	0.3750000000000000	0.2010000000000000	0.4240000000000000	0.095	0.025	0.880
0.1609894540381831	0.6008208219532732	-0.7830049397008175	-0.0000000000000000	-0.0910000000000000	0.1576166234887678	-0.0000000000000000	-0.1286934341759517	0.1286934341759517	-0.0643467170879759	-0.1114517832966346	0.1286934341759517	0.3750000000000000	0.2010000000000000	0.4240000000000000	0.095	0.025	0.880
-0.1609894540381835	0.6008208219532732	-0.7830049397008175	-0.0000000000000000	-0.0910000000000000	0.1576166234887678	0.0454999999999999	-0.0788083117443839	0.1576166234887678	-0.0000000000000000	-0.1286934341759517	0.1286934341759517	0.3750000000000000	0.2010000000000000	0.4240000000000000	0.095	0.025	0.880
-0.1609894540381822	0.6008208219532726	-0.7830049397008183	0.0454999999999999	-0.0788083117443839	0.1576166234887678	0.0643467170879758	-0.1114517832966347	0.1286934341759517	-0.0000000000000000	-0.1286934341759517	0.1286934341759517	0.3750000000000000	0.2010000000000000	0.4240000000000000	0.095	0.025	0.880
-0.4398313679150889	0.4398313679150901	-0.7830049397008184	0.0454999999999999	-0.0788083117443839	0.1576166234887678	0.0788083117443839	-0.0455000000000000	0.1576166234887678	0.0643467170879758	-0.1114517832966347	0.1286934341759517	0.3750000000000000	0.2010000000000000	0.4240000000000000	0.095	0.025	0.880
-0.4398313679150901	0.4398313679150901	-0.7830049397008177	0.0788083117443839	-0.0455000000000000	0.1576166234887678	0.1114517832966346	-0.0643467170879759	0.1286934341759517	0.0643467170879758	-0.1114517832966347	0.1286934341759517	0.3750000000000000	0.2010000000000000	0.4240000000000000	0.095	0.025	0.880
-0.6008208219532731	0.1609894540381832	-0.7830049397008176	0.0788083117443839	-0.0455000000000000	0.1576166234887678	0.0910000000000000	-0.0000000000000000	0.1576166234887678	0.1114517832966346	-0.0643467170879759	0.1286934341759517	0.3750000000000000	0.2010000000000000	0.4240000000000000	0.095	0.025	0.880
-0.6008208219532732	0.1609894540381831	-0.7830049397008175	0.0910000000000000	-0.0000000000000000	0.1576166234887678	0.1286934341759517	-0.0000000000000000	0.1286934341759517	0.1114517832966346	-0.0643467170879759	0.1286934341759517	0.3750000000000000	0.2010000000000000	0.4240000000000000	0.095	0.025	0.880
-0.7760132217981939	-0.2079321160967003	-0.5954558881142544	0.1286934341759517	0.0000000000000000	0.1286934341759517	0.1114517832966346	0.0643467170879758	0.1286934341759517	0.1576166234887678	0.0000000000000000	0.0910000000000000	0.3750000000000000	0.2010000000000000	0.4240000000000000	0.095	0.025	0.880
-0.7760132217981933	-0.2079321160966991	-0.5954558881142558	0.1114517832966346	0.0643467170879758	0.1286934341759517	0.1365000000000000	0.0788083117443839	0.0910000000000000	0.1576166234887678	0.0000000000000000	0.0910000000000000	0.3750000000000000	0.2010000000000000	0.4240000000000000	0.095	0.025	0.880
-0.5680811057014934	-0.5680811057014934	-0.5954558881142558	0.1114517832966346	0.0643467170879758	0.1286934341759517	0.0643467170879758	0.1114517832966346	0.1286934341759517	0.1365000000000000	0.0788083117443839	0.0910000000000000	0.3750000000000000	0.2010000000000000	0.4240000000000000	0.095	0.025	0.880
-0.5680811057014936	-0.5680811057014935	-0.5954558881142558	0.0643467170879758	0.1114517832966346	0.1286934341759517	0.0788083117443839	0.1365000000000000	0.0910000000000000	0.1365000000000000	0.0788083117443839	0.0910000000000000	0.3750000000000000	0.2010000000000000	0.4240000000000000	0.095	0.025	0.880
-0.2079321160967000	-0.7760132217981928	-0.5954558881142558	0.0643467170879758	0.1114517832966346	0.1286934341759517	0.0000000000000000	0.1286934341759517	0.1286934341759517	0.0788083117443839	0.1365000000000000	0.0910000000000000	0.3750000000000000	0.2010000000000000	0.4240000000000000	0.095	0.025	0.880
-0.2079321160966993	-0.7760132217981941	-0.5954558881142545	0.0000000000000000	0.1286934341759517	0.1286934341759517	0.0000000000000000	0.1576166234887678	0.0910000000000000	0.0788083117443839	0.1365000000000000	0.0910000000000000	0.3750000000000000	0.2010000000000000	0.4240000000000000	0.095	0.025	0.880
0.2079321160967003	-0.7760132217981939	-0.5954558881142544	0.0000000000000000	0.1286934341759517	0.1286934341759517	-0.0643467170879758	0.1114517832966346	0.1286934341759517	0.0000000000000000	0.1576166234887678	0.0910000000000000	0.3750000000000000	0.2010000000000000	0.4240000000000000	0.095	0.025	0.880
0.2079321160966991	-0.7760132217981933	-0.5954558881142558	-0.0643467170879758	0.1114517832966346	0.1286934341759517	-0.0788083117443839	0.1365000000000000	0.0910000000000000	0.0000000000000000	0.1576166234887678	0.0910000000000000	0.3750000000000000	0.2010000000000000	0.4240000000000000	0.095	0.025	0.880
0.5680811057014928	-0.5680811057014939	-0.5954558881142559	-0.0643467170879758	0.1114517832966346	0.1286934341759517	-0.1114517832966346	0.0643467170879759	0.1286934341759517	-0.0788083117443839	0.1365000000000000	0.0910000000000000	0.3750000000000000	0.2010000000000000	0.4240000000000000	0.095	0.025	0.880
0.5680811057014929	-0.5680811057014941	-0.5954558881142558	-0.1114517832966346	0.0643467170879759	0.1286934341759517	-0.1365000000000000	0.0788083117443840	0.0910000000000000	-0.0788083117443839	0.1365000000000000	0.0910000000000000	0.3750000000000000	0.2010000000000000	0.4240000000000000	0.095	0.025	0.880
0.7760132217981930	-0.2079321160966998	-0.5954558881142559	-0.1114517832966346	0.0643467170879759	0.1286934341759517	-0.1286934341759517	0.0000000000000000	0.1286934341759517	-0.1365000000000000	0.0788083117443840	0.0910000000000000	0.3750000000000000	0.2010000000000000	0.4240000000000000	0.095	0.025	0.880
0.7760132217981942	-0.2079321160966990	-0.5954558881142547	-0.1286934341759517	0.0000000000000000	0.1286934341759517	-0.1576166234887678	0.0000000000000000	0.0910000000000000	-0.1365000000000000	0.0788083117443840	0.0910000000000000	0.3750000000000000	0.2010000000000000	0.4240000000000000	0.095	0.025	0.880
0.7760132217981939	0.2079321160967003	-0.5954558881142544	-0.1286934341759517	0.0000000000000000	0.1286934341759517	-0.1114517832966346	-0.0643467170879758	0.1286934341759517	-0.1576166234887678	0.0000000000000000	0.0910000000000000	0.3750000000000000	0.2010000000000000	0.4240000000000000	0.095	0.025	0.880
0.7760132217981933	0.2079321160966991	-0.5954558881142558	-0.1114517832966346	-0.0643467170879758	0.1286934341759517	-0.1365000000000000	-0.0788083117443839	0.0910000000000000	-0.1576166234887678	0.0000000000000000	0.0910000000000000	0.3750000000000000	0.2010000000000000	0.4240000000000000	0.095	0.025	0.880
0.5680811057014939	0.5680811057014928	-0.5954558881142559	-0.1114517832966346	-0.0643467170879758	0.1286934341759517	-0.0643467170879759	-0.1114517832966346	0.1286934341759517	-0.1365000000000000	-0.0788083117443839	0.0910000000000000	0.3750000000000000	0.2010000000000000	0.4240000000000000	0.095	0.025	0.880
0.5680811057014941	0.5680811057014929	-0.5954558881142558	-0.0643467170879759	-0.1114517832966346	0.1286934341759517	-0.0788083117443840	-0.1365000000000000	0.0910000000000000	-0.1365000000000000	-0.0788083117443839	0.0910000000000000	0.3750000000000000	0.2010000000000000	0.4240000000000000	0.095	0.025	0.880
0.2079321160966998	0.7760132217981930	-0.5954558881142559	-0.0643467170879759	-0.1114517832966346	0.1286934341759517	-0.0000000000000000	-0.1286934341759517	0.1286934341759517	-0.0788083117443840	-0.1365000000000000	0.0910000000000000	0.3750000000000000	0.2010000000000000	0.4240000000000000	0.095	0.025	0.880
0.2079321160966990	0.7760132217981942	-0.5954558881142547	-0.0000000000000000	-0.1286934341759517	0.1286934341759517	-0.0000000000000000	-0.1576166234887678	0.0910000000000000	-0.0788083117443840	-0.1365000000000000	0.0910000000000000	0.3750000000000000	0.2010000000000000	0.4240000000000000	0.095	0.025	0.880
-0.2079321160966992	0.7760132217981941	-0.5954558881142545	-0.0000000000000000	-0.1286934341759517	0.1286934341759517	0.0643467170879758	-0.1114517832966347	0.1286934341759517	-0.0000000000000000	-0.1576166234887678	0.0910000000000000	0.3750000000000000	0.2010000000000000	0.4240000000000000	0.095	0.025	0.880
-0.2079321160966996	0.7760132217981944	-0.5954558881142541	0.0643467170879758	-0.1114517832966347	0.1286934341759517	0.0788083117443838	-0.1365000000000000	0.0910000000000000	-0.0000000000000000	-0.1576166234887678	0.0910000000000000	0.3750000000000000	0.2010000000000000	0.4240000000000000	0.095	0.025	0.880
-0.5680811057014945	0.5680811057014945	-0.5954558881142538	0.0643467170879758	-0.1114517832966347	0.1286934341759517	0.1114517832966346	-0.0643467170879759	0.1286934341759517	0.0788083117443838	-0.1365000000000000	0.0910000000000000	0.3750000000000000	0.2010000000000000	0.4240000000000000	0.095	0.025	0.880
-0.5680811057014926	0.5680811057014946	-0.5954558881142556	0.1114517832966346	-0.0643467170879759	0.1286934341759517	0.1365000000000000	-0.0788083117443840	0.0910000000000000	0.0788083117443838	-0.1365000000000000	0.0910000000000000	0.3750000000000000	0.2010000000000000	0.4240000000000000	0.095	0.025	0.880
-0.7760132217981930	0.2079321160966998	-0.5954558881142559	0.1114517832966346	-0.0643467170879759	0.1286934341759517	0.1286934341759517	-0.0000000000000000	0.1286934341759517	0.1365000000000000	-0.0788083117443840	0.0910000000000000	0.3750000000000000	0.2010000000000000	0.4240000000000000	0.095	0.025	0.880
-0.7760132217981942	0.2079321160966990	-0.5954558881142547	0.1286934341759517	-0.0000000000000000	0.1286934341759517	0.1576166234887678	-0.0000000000000000	0.0910000000000000	0.1365000000000000	-0.0788083117443840	0.0910000000000000	0.3750000000000000	0.2010000000000000	0.4240000000000000	0.095	0.025	0.880
-0.8968088177445295	-0.2402991984797560	-0.3714703751655657	0.1576166234887678	0.0000000000000000	0.0910000000000000	0.1365000000000000	0.0788083117443839	0.0910000000000000	0.1757985003846104	0.0000000000000000	0.0471050662086588	0.3750000000000000	0.2010000000000000	0.4240000000000000	0.095	0.025	0.880
-0.8968088177445297	-0.2402991984797568	-0.3714703751655647	0.1365000000000000	0.0788083117443839	0.0910000000000000	0.1522459672802810	0.0878992501923052	0.0471050662086588	0.1757985003846104	0.0000000000000000	0.0471050662086588	0.3750000000000000	0.2010000000000000	0.4240000000000000	0.095	0.025	0.880
-0.6565096192647729	-0.6565096192647729	-0.3714703751655650	0.1365000000000000	0.0788083117443839	0.0910000000000000	0.0788083117443839	0.1365000000000000	0.0910000000000000	0.1522459672802810	0.0878992501923052	0.0471050662086588	0.3750000000000000	0.2010000000000000	0.4240000000000000	0.095	0.025	0.880
-0.6565096192647730	-0.6565096192647730	-0.3714703751655650	0.0788083117443839	0.1365000000000000	0.0910000000000000	0.0878992501923052	0.1522459672802810	0.0471050662086588	0.1522459672802810	0.0878992501923052	0.0471050662086588	0.3750000000000000	0.2010000000000000	0.4240000000000000	0.095	0.025	0.880
-0.2402991984797561	-0.8968088177445299	-0.3714703751655646	0.0788083117443839	0.1365000000000000	0.0910000000000000	0.0000000000000000	0.1576166234887678	0.0910000000000000	0.0878992501923052	0.1522459672802810	0.0471050662086588	0.3750000000000000	0.2010000000000000	0.4240000000000000	0.095	0.025	0.880
-0.2402991984797566	-0.8968088177445293	-0.3714703751655657	0.0000000000000000	0.1576166234887678	0.0910000000000000	0.0000000000000000	0.1757985003846104	0.0471050662086588	0.0878992501923052	0.1522459672802810	0.0471050662086588	0.3750000000000000	0.2010000000000000	0.4240000000000000	0.095	0.025	0.880
0.2402991984797560	-0.8968088177445295	-0.3714703751655657	0.0000000000000000	0.1576166234887678	0.0910000000000000	-0.0788083117443839	0.1365000000000000	0.0910000000000000	0.0000000000000000	0.1757985003846104	0.0471050662086588	0.3750000000000000	0.2010000000000000	0.4240000000000000	0.095	0.025	0.880
0.2402991984797568	-0.8968088177445297	-0.3714703751655647	-0.0788083117443839	0.1365000000000000	0.0910000000000000	-0.0878992501923052	0.1522459672802810	0.0471050662086588	0.0000000000000000	0.1757985003846104	0.0471050662086588	0.3750000000000000	0.2010000000000000	0.4240000000000000	0.095	0.025	0.880
0.6565096192647724	-0.6565096192647736	-0.3714703751655650	-0.0788083117443839	0.1365000000000000	0.0910000000000000	-0.1365000000000000	0.0788083117443840	0.0910000000000000	-0.0878992501923052	0.1522459672802810	0.0471050662086588	0.3750000000000000	0.2010000000000000	0.4240000000000000	0.095	0.025	0.880
0.6565096192647735	-0.6565096192647735	-0.3714703751655636	-0.1365000000000000	0.0788083117443840	0.0910000000000000	-0.1522459672802810	0.0878992501923052	0.0471050662086588	-0.0878992501923052	0.1522459672802810	0.0471050662086588	0.3750000000000000	0.2010000000000000	0.4240000000000000	0.095	0.025	0.880
0.8968088177445303	-0.2402991984797559	-0.3714703751655641	-0.1365000000000000	0.0788083117443840	0.0910000000000000	-0.1576166234887678	0.0000000000000000	0.0910000000000000	-0.1522459672802810	0.0878992501923052	0.0471050662086588	0.3750000000000000	0.2010000000000000	0.4240000000000000	0.095	0.025	0.880
0.8968088177445293	-0.2402991984797566	-0.3714703751655657	-0.1576166234887678	0.0000000000000000	0.0910000000000000	-0.1757985003846104	0.0000000000000000	0.0471050662086588	-0.1522459672802810	0.0878992501923052	0.0471050662086588	0.3750000000000000	0.2010000000000000	0.4240000000000000	0.095	0.025	0.880
0.8968088177445295	0.2402991984797560	-0.3714703751655657	-0.1576166234887678	0.0000000000000000	0.0910000000000000	-0.1365000000000000	-0.0788083117443839	0.0910000000000000	-0.1757985003846104	0.0000000000000000	0.0471050662086588	0.3750000000000000	0.2010000000000000	0.4240000000000000	0.095	0.025	0.880
0.8968088177445297	0.2402991984797570	-0.3714703751655642	-0.1365000000000000	-0.0788083117443839	0.0910000000000000	-0.1522459672802810	-0.0878992501923051	0.0471050662086588	-0.1757985003846104	0.0000000000000000	0.0471050662086588	0.3750000000000000	0.2010000000000000	0.4240000000000000	0.095	0.025	0.880
0.6565096192647739	0.6565096192647727	-0.3714703751655637	-0.1365000000000000	-0.0788083117443839	0.0910000000000000	-0.0788083117443840	-0.1365000000000000	0.0910000000000000	-0.1522459672802810	-0.0878992501923051	0.0471050662086588	0.3750000000000000	0.2010000000000000	0.4240000000000000	0.095	0.025	0.880
0.6565096192647740	0.6565096192647721	-0.3714703751655646	-0.0788083117443840	-0.1365000000000000	0.0910000000000000	-0.0878992501923053	-0.1522459672802810	0.0471050662086588	-0.1522459672802810	-0.0878992501923051	0.0471050662086588	0.3750000000000000	0.2010000000000000	0.4240000000000000	0.095	0.025	0.880
0.2402991984797558	0.8968088177445300	-0.3714703751655645	-0.0788083117443840	-0.1365000000000000	0.0910000000000000	-0.0000000000000000	-0.1576166234887678	0.0910000000000000	-0.0878992501923053	-0.1522459672802810	0.0471050662086588	0.3750000000000000	0.2010000000000000	0.4240000000000000	0.095	0.025	0.880
0.2402991984797564	0.8968088177445294	-0.3714703751655657	-0.0000000000000000	-0.1576166234887678	0.0910000000000000	-0.0000000000000000	-0.1757985003846104	0.0471050662086588	-0.0878992501923053	-0.1522459672802810	0.0471050662086588	0.3750000000000000	0.2010000000000000	0.4240000000000000	0.095	0.025	0.880
-0.2402991984797563	0.8968088177445294	-0.3714703751655657	-0.0000000000000000	-0.1576166234887678	0.0910000000000000	0.0788083117443838	-0.1365000000000000	0.0910000000000000	-0.0000000000000000	-0.1757985003846104	0.0471050662086588	0.3750000000000000	0.2010000000000000	0.4240000000000000	0.095	0.025	0.880
-0.2402991984797557	0.8968088177445291	-0.3714703751655665	0.0788083117443838	-0.1365000000000000	0.0910000000000000	0.0878992501923051	-0.1522459672802811	0.0471050662086588	-0.0000000000000000	-0.1757985003846104	0.0471050662086588	0.3750000000000000	0.2010000000000000	0.4240000000000000	0.095	0.025	0.880
-0.6565096192647714	0.6565096192647737	-0.3714703751655666	0.0788083117443838	-0.1365000000000000	0.0910000000000000	0.1365000000000000	-0.0788083117443840	0.0910000000000000	0.0878992501923051	-0.1522459672802811	0.0471050662086588	0.3750000000000000	0.2010000000000000	0.4240000000000000	0.095	0.025	0.880
-0.6565096192647727	0.6565096192647735	-0.3714703751655647	0.1365000000000000	-0.0788083117443840	0.0910000000000000	0.1522459672802810	-0.0878992501923053	0.0471050662086588	0.0878992501923051	-0.1522459672802811	0.0471050662086588	0.3750000000000000	0.2010000000000000	0.4240000000000000	0.095	0.025	0.880
-0.8968088177445300	0.2402991984797558	-0.3714703751655645	0.1365000000000000	-0.0788083117443840	0.0910000000000000	0.1576166234887678	-0.0000000000000000	0.0910000000000000	0.1522459672802810	-0.0878992501923053	0.0471050662086588	0.3750000000000000	0.2010000000000000	0.4240000000000000	0.095	0.025	0.880
-0.8968088177445294	0.2402991984797564	-0.3714703751655657	0.1576166234887678	-0.0000000000000000	0.0910000000000000	0.1757985003846104	-0.0000000000000000	0.0471050662086588	0.1522459672802810	-0.0878992501923053	0.0471050662086588	0.3750000000000000	0.2010000000000000	0.4240000000000000	0.095	0.025	0.880
-0.9582091399530055	-0.2567513652305285	-0.1261506264858842	0.1757985003846104	0.0000000000000000	0.0471050662086588	0.1522459672802810	0.0878992501923052	0.0471050662086588	0.1820000000000000	0.0000000000000000	0.0000000000000000	0.3750000000000000	0.2010000000000000	0.4240000000000000	0.095	0.025	0.880
-0.9582091399530057	-0.2567513652305289	-0.1261506264858836	0.1522459672802810	0.0878992501923052	0.0471050662086588	0.1576166234887678	0.0910000000000000	0.0000000000000000	0.1820000000000000	0.0000000000000000	0.0000000000000000	0.3750000000000000	0.2010000000000000	0.4240000000000000	0.095	0.025	0.880
-0.7014577747224773	-0.7014577747224773	-0.1261506264858838	0.1522459672802810	0.0878992501923052	0.0471050662086588	0.0878992501923052	0.1522459672802810	0.0471050662086588	0.1576166234887678	0.0910000000000000	0.0000000000000000	0.3750000000000000	0.2010000000000000	0.4240000000000000	0.095	0.025	0.880
-0.7014577747224772	-0.7014577747224772	-0.1261506264858837	0.0878992501923052	0.1522459672802810	0.0471050662086588	0.0910000000000000	0.1576166234887678	0.0000000000000000	0.1576166234887678	0.0910000000000000	0.0000000000000000	0.3750000000000000	0.2010000000000000	0.4240000000000000	0.095	0.025	0.880
-0.2567513652305286	-0.9582091399530057	-0.1261506264858836	0.0878992501923052	0.1522459672802810	0.0471050662086588	0.0000000000000000	0.1757985003846104	0.0471050662086588	0.0910000000000000	0.1576166234887678	0.0000000000000000	0.3750000000000000	0.2010000000000000	0.4240000000000000	0.095	0.025	0.880
-0.2567513652305289	-0.9582091399530055	-0.1261506264858842	0.0000000000000000	0.1757985003846104	0.0471050662086588	0.0000000000000000	0.1820000000000000	0.0000000000000000	0.0910000000000000	0.1576166234887678	0.0000000000000000	0.3750000000000000	0.2010000000000000	0.4240000000000000	0.095	0.025	0.880
0.2567513652305285	-0.9582091399530055	-0.1261506264858842	0.0000000000000000	0.1757985003846104	0.0471050662086588	-0.0878992501923052	0.1522459672802810	0.0471050662086588	0.0000000000000000	0.1820000000000000	0.0000000000000000	0.3750000000000000	0.2010000000000000	0.4240000000000000	0.095	0.025	0.880
0.2567513652305289	-0.9582091399530057	-0.1261506264858836	-0.0878992501923052	0.1522459672802810	0.0471050662086588	-0.0910000000000000	0.1576166234887678	0.0000000000000000	0.0000000000000000	0.1820000000000000	0.0000000000000000	0.3750000000000000	0.2010000000000000	0.4240000000000000	0.095	0.025	0.880
0.7014577747224773	-0.7014577747224773	-0.1261506264858838	-0.0878992501923052	0.1522459672802810	0.0471050662086588	-0.1522459672802810	0.0878992501923052	0.0471050662086588	-0.0910000000000000	0.1576166234887678	0.0000000000000000	0.3750000000000000	0.2010000000000000	0.4240000000000000	0.095	0.025	0.880
0.7014577747224772	-0.7014577747224772	-0.1261506264858837	-0.1522459672802810	0.0878992501923052	0.0471050662086588	-0.1576166234887678	0.0910000000000000	0.0000000000000000	-0.0910000000000000	0.1576166234887678	0.0000000000000000	0.3750000000000000	0.2010000000000000	0.4240000000000000	0.095	0.025	0.880
0.9582091399530057	-0.2567513652305286	-0.1261506264858836	-0.1522459672802810	0.0878992501923052	0.0471050662086588	-0.1757985003846104	0.0000000000000000	0.0471050662086588	-0.1576166234887678	0.0910000000000000	0.0000000000000000	0.3750000000000000	0.2010000000000000	0.4240000000000000	0.095	0.025	0.880
0.9582091399530055	-0.2567513652305289	-0.1261506264858842	-0.1757985003846104	0.0000000000000000	0.0471050662086588	-0.1820000000000000	0.0000000000000000	0.0000000000000000	-0.1576166234887678	0.0910000000000000	0.0000000000000000	0.3750000000000000	0.2010000000000000	0.4240000000000000	0.095	0.025	0.880
0.9582091399530055	0.2567513652305288	-0.1261506264858842	-0.1757985003846104	0.0000000000000000	0.0471050662086588	-0.1522459672802810	-0.0878992501923051	0.0471050662086588	-0.1820000000000000	0.0000000000000000	0.0000000000000000	0.3750000000000000	0.2010000000000000	0.4240000000000000	0.095	0.025	0.880
0.9582091399530055	0.2567513652305279	-0.1261506264858858	-0.1522459672802810	-0.0878992501923051	0.0471050662086588	-0.1576166234887679	-0.0909999999999999	0.0000000000000000	-0.1820000000000000	0.0000000000000000	0.0000000000000000	0.3750000000000000	0.2010000000000000	0.4240000000000000	0.095	0.025	0.880
0.7014577747224781	0.7014577747224759	-0.1261506264858854	-0.1522459672802810	-0.0878992501923051	0.0471050662086588	-0.0878992501923053	-0.1522459672802810	0.0471050662086588	-0.1576166234887679	-0.0909999999999999	0.0000000000000000	0.3750000000000000	0.2010000000000000	0.4240000000000000	0.095	0.025	0.880
0.7014577747224775	0.7014577747224767	-0.1261506264858837	-0.0878992501923053	-0.1522459672802810	0.0471050662086588	-0.0910000000000001	-0.1576166234887678	0.0000000000000000	-0.1576166234887679	-0.0909999999999999	0.0000000000000000	0.3750000000000000	0.2010000000000000	0.4240000000000000	0.095	0.025	0.880
0.2567513652305283	0.9582091399530057	-0.1261506264858836	-0.0878992501923053	-0.1522459672802810	0.0471050662086588	-0.0000000000000000	-0.1757985003846104	0.0471050662086588	-0.0910000000000001	-0.1576166234887678	0.0000000000000000	0.3750000000000000	0.2010000000000000	0.4240000000000000	0.095	0.025	0.880
0.2567513652305286	0.9582091399530055	-0.1261506264858842	-0.0000000000000000	-0.1757985003846104	0.0471050662086588	-0.0000000000000000	-0.1820000000000000	0.0000000000000000	-0.0910000000000001	-0.1576166234887678	0.0000000000000000	0.3750000000000000	0.2010000000000000	0.4240000000000000	0.095	0.025	0.880
-0.2567513652305277	0.9582091399530058	-0.1261506264858843	-0.0000000000000000	-0.1757985003846104	0.0471050662086588	0.0878992501923051	-0.1522459672802811	0.0471050662086588	-0.0000000000000000	-0.1820000000000000	0.0000000000000000	0.3750000000000000	0.2010000000000000	0.4240000000000000	0.095	0.025	0.880
-0.2567513652305281	0.9582091399530058	-0.1261506264858835	0.0878992501923051	-0.1522459672802811	0.0471050662086588	0.0909999999999999	-0.1576166234887679	0.0000000000000000	-0.0000000000000000	-0.1820000000000000	0.0000000000000000	0.3750000000000000	0.2010000000000000	0.4240000000000000	0.095	0.025	0.880
-0.7014577747224767	0.7014577747224776	-0.1261506264858838	0.0878992501923051	-0.1522459672802811	0.0471050662086588	0.1522459672802810	-0.0878992501923053	0.0471050662086588	0.0909999999999999	-0.1576166234887679	0.0000000000000000	0.3750000000000000	0.2010000000000000	0.4240000000000000	0.095	0.025	0.880
-0.7014577747224767	0.7014577747224775	-0.1261506264858837	0.1522459672802810	-0.0878992501923053	0.0471050662086588	0.1576166234887678	-0.0910000000000001	0.0000000000000000	0.0909999999999999	-0.1576166234887679	0.0000000000000000	0.3750000000000000	0.2010000000000000	0.4240000000000000	0.095	0.025	0.880
-0.9582091399530057	0.2567513652305283	-0.1261506264858836	0.1522459672802810	-0.0878992501923053	0.0471050662086588	0.1757985003846104	-0.0000000000000000	0.0471050662086588	0.1576166234887678	-0.0910000000000001	0.0000000000000000	0.3750000000000000	0.2010000000000000	0.4240000000000000	0.095	0.025	0.880
-0.9582091399530055	0.2567513652305286	-0.1261506264858842	0.1757985003846104	-0.0000000000000000	0.0471050662086588	0.1820000000000000	-0.0000000000000000	0.0000000000000000	0.1576166234887678	-0.0910000000000001	0.0000000000000000	0.3750000000000000	0.2010000000000000	0.4240000000000000	0.095	0.025	0.880
-0.9582091399530055	-0.2567513652305289	0.1261506264858842	0.1820000000000000	0.0000000000000000	0.0000000000000000	0.1576166234887678	0.0910000000000000	0.0000000000000000	0.1757985003846104	0.0000000000000000	-0.0471050662086588	0.3750000000000000	0.2010000000000000	0.4240000000000000	0.095	0.025	0.880
-0.9582091399530057	-0.2567513652305286	0.1261506264858836	0.1576166234887678	0.0910000000000000	0.0000000000000000	0.1522459672802810	0.0878992501923052	-0.0471050662086588	0.1757985003846104	0.0000000000000000	-0.0471050662086588	0.3750000000000000	0.2010000000000000	0.4240000000000000	0.095	0.025	0.880
-0.7014577747224772	-0.7014577747224772	0.1261506264858837	0.1576166234887678	0.0910000000000000	0.0000000000000000	0.0910000000000000	0.1576166234887678	0.0000000000000000	0.1522459672802810	0.0878992501923052	-0.0471050662086588	0.3750000000000000	0.2010000000000000	0.4240000000000000	0.095	0.025	0.880
-0.7014577747224773	-0.7014577747224773	0.1261506264858838	0.0910000000000000	0.1576166234887678	0.0000000000000000	0.0878992501923052	0.1522459672802810	-0.0471050662086588	0.1522459672802810	0.0878992501923052	-0.0471050662086588	0.3750000000000000	0.2010000000000000	0.4240000000000000	0.095	0.025	0.880
-0.2567513652305290	-0.9582091399530057	0.1261506264858836	0.0910000000000000	0.1576166234887678	0.0000000000000000	0.0000000000000000	0.1820000000000000	0.0000000000000000	0.0878992501923052	0.1522459672802810	-0.0471050662086588	0.3750000000000000	0.2010000000000000	0.4240000000000000	0.095	0.025	0.880
-0.2567513652305285	-0.9582091399530055	0.1261506264858842	0.0000000000000000	0.1820000000000000	0.0000000000000000	0.0000000000000000	0.1757985003846104	-0.0471050662086588	0.0878992501923052	0.1522459672802810	-0.0471050662086588	0.3750000000000000	0.2010000000000000	0.4240000000000000	0.095	0.025	0.880
0.2567513652305289	-0.9582091399530055	0.1261506264858842	0.0000000000000000	0.1820000000000000	0.0000000000000000	-0.0910000000000000	0.1576166234887678	0.0000000000000000	0.0000000000000000	0.1757985003846104	-0.0471050662086588	0.3750000000000000	0.2010000000000000	0.4240000000000000	0.095	0.025	0.880
0.2567513652305286	-0.9582091399530057	0.1261506264858836	-0.0910000000000000	0.1576166234887678	0.0000000000000000	-0.0878992501923052	0.1522459672802810	-0.0471050662086588	0.0000000000000000	0.1757985003846104	-0.0471050662086588	0.3750000000000000	0.2010000000000000	0.4240000000000000	0.095	0.025	0.880
0.7014577747224772	-0.7014577747224772	0.1261506264858837	-0.0910000000000000	0.1576166234887678	0.0000000000000000	-0.1576166234887678	0.0910000000000000	0.0000000000000000	-0.0878992501923052	0.1522459672802810	-0.0471050662086588	0.3750000000000000	0.2010000000000000	0.4240000000000000	0.095	0.025	0.880
0.7014577747224768	-0.7014577747224778	0.1261506264858823	-0.1576166234887678	0.0910000000000000	0.0000000000000000	-0.1522459672802810	0.0878992501923053	-0.0471050662086588	-0.0878992501923052	0.1522459672802810	-0.0471050662086588	0.3750000000000000	0.2010000000000000	0.4240000000000000	0.095	0.025	0.880
0.9582091399530057	-0.2567513652305290	0.1261506264858831	-0.1576166234887678	0.0910000000000000	0.0000000000000000	-0.1820000000000000	0.0000000000000000	0.0000000000000000	-0.1522459672802810	0.0878992501923053	-0.0471050662086588	0.3750000000000000	0.2010000000000000	0.4240000000000000	0.095	0.025	0.880
0.9582091399530057	-0.2567513652305283	0.1261506264858843	-0.1820000000000000	0.0000000000000000	0.0000000000000000	-0.1757985003846104	0.0000000000000000	-0.0471050662086588	-0.1522459672802810	0.0878992501923053	-0.0471050662086588	0.3750000000000000	0.2010000000000000	0.4240000000000000	0.095	0.025	0.880
0.9582091399530058	0.2567513652305281	0.1261506264858843	-0.1820000000000000	0.0000000000000000	0.0000000000000000	-0.1576166234887679	-0.0909999999999999	0.0000000000000000	-0.1757985003846104	0.0000000000000000	-0.0471050662086588	0.3750000000000000	0.2010000000000000	0.4240000000000000	0.095	0.025	0.880
0.9582091399530055	0.2567513652305285	0.1261506264858853	-0.1576166234887679	-0.0909999999999999	0.0000000000000000	-0.1522459672802810	-0.0878992501923052	-0.0471050662086588	-0.1757985003846104	0.0000000000000000	-0.0471050662086588	0.3750000000000000	0.2010000000000000	0.4240000000000000	0.095	0.025	0.880
0.7014577747224775	0.7014577747224767	0.1261506264858840	-0.1576166234887679	-0.0909999999999999	0.0000000000000000	-0.0910000000000001	-0.1576166234887678	0.0000000000000000	-0.1522459672802810	-0.0878992501923052	-0.0471050662086588	0.3750000000000000	0.2010000000000000	0.4240000000000000	0.095	0.025	0.880
0.7014577747224778	0.7014577747224767	0.1261506264858837	-0.0910000000000001	-0.1576166234887678	0.0000000000000000	-0.0878992501923053	-0.1522459672802810	-0.0471050662086588	-0.1522459672802810	-0.0878992501923052	-0.0471050662086588	0.3750000000000000	0.2010000000000000	0.4240000000000000	0.095	0.025	0.880
0.2567513652305287	0.9582091399530057	0.1261506264858836	-0.0910000000000001	-0.1576166234887678	0.0000000000000000	-0.0000000000000000	-0.1820000000000000	0.0000000000000000	-0.0878992501923053	-0.1522459672802810	-0.0471050662086588	0.3750000000000000	0.2010000000000000	0.4240000000000000	0.095	0.025	0.880
0.2567513652305283	0.9582091399530057	0.1261506264858843	-0.0000000000000000	-0.1820000000000000	0.0000000000000000	-0.0000000000000000	-0.1757985003846104	-0.0471050662086588	-0.0878992501923053	-0.1522459672802810	-0.0471050662086588	0.3750000000000000	0.2010000000000000	0.4240000000000000	0.095	0.025	0.880
-0.2567513652305281	0.9582091399530058	0.1261506264858843	-0.0000000000000000	-0.1820000000000000	0.0000000000000000	0.0909999999999999	-0.1576166234887679	0.0000000000000000	-0.0000000000000000	-0.1757985003846104	-0.0471050662086588	0.3750000000000000	0.2010000000000000	0.4240000000000000	0.095	0.025	0.880
-0.2567513652305277	0.9582091399530058	0.1261506264858835	0.0909999999999999	-0.1576166234887679	0.0000000000000000	0.0878992501923051	-0.1522459672802811	-0.0471050662086588	-0.0000000000000000	-0.1757985003846104	-0.0471050662086588	0.3750000000000000	0.2010000000000000	0.4240000000000000	0.095	0.025	0.880
-0.7014577747224767	0.7014577747224775	0.1261506264858837	0.0909999999999999	-0.1576166234887679	0.0000000000000000	0.1576166234887678	-0.0910000000000001	0.0000000000000000	0.0878992501923051	-0.1522459672802811	-0.0471050662086588	0.3750000000000000	0.2010000000000000	0.4240000000000000	0.095	0.025	0.880
-0.7014577747224766	0.7014577747224776	0.1261506264858837	0.1576166234887678	-0.0910000000000001	0.0000000000000000	0.1522459672802810	-0.0878992501923053	-0.0471050662086588	0.0878992501923051	-0.1522459672802811	-0.0471050662086588	0.3750000000000000	0.2010000000000000	0.4240000000000000	0.095	0.025	0.880
-0.9582091399530057	0.2567513652305287	0.1261506264858836	0.1576166234887678	-0.0910000000000001	0.0000000000000000	0.1820000000000000	-0.0000000000000000	0.0000000000000000	0.1522459672802810	-0.0878992501923053	-0.0471050662086588	0.3750000000000000	0.2010000000000000	0.4240000000000000	0.095	0.025	0.880
-0.9582091399530057	0.2567513652305283	0.1261506264858843	0.1820000000000000	-0.0000000000000000	0.0000000000000000	0.1757985003846104	-0.0000000000000000	-0.0471050662086588	0.1522459672802810	-0.0878992501923053	-0.0471050662086588	0.3750000000000000	0.2010000000000000	0.4240000000000000	0.095	0.025	0.880
-0.8968088177445293	-0.2402991984797566	0.3714703751655657	0.1757985003846104	0.0000000000000000	-0.0471050662086588	0.1522459672802810	0.0878992501923052	-0.0471050662086588	0.1576166234887678	0.0000000000000000	-0.0910000000000000	0.3750000000000000	0.2010000000000000	0.4240000000000000	0.095	0.025	0.880
-0.8968088177445299	-0.2402991984797561	0.3714703751655646	0.1522459672802810	0.0878992501923052	-0.0471050662086588	0.1365000000000000	0.0788083117443839	-0.0910000000000000	0.1576166234887678	0.0000000000000000	-0.0910000000000000	0.3750000000000000	0.2010000000000000	0.4240000000000000	0.095	0.025	0.880
-0.6565096192647730	-0.6565096192647730	0.3714703751655649	0.1522459672802810	0.0878992501923052	-0.0471050662086588	0.0878992501923052	0.1522459672802810	-0.0471050662086588	0.1365000000000000	0.0788083117443839	-0.0910000000000000	0.3750000000000000	0.2010000000000000	0.4240000000000000	0.095	0.025	0.880
-0.6565096192647729	-0.6565096192647729	0.3714703751655650	0.0878992501923052	0.1522459672802810	-0.0471050662086588	0.0788083117443839	0.1365000000000000	-0.0910000000000000	0.1365000000000000	0.0788083117443839	-0.0910000000000000	0.3750000000000000	0.2010000000000000	0.4240000000000000	0.095	0.025	0.880
-0.2402991984797568	-0.8968088177445298	0.3714703751655647	0.0878992501923052	0.1522459672802810	-0.0471050662086588	0.0000000000000000	0.1757985003846104	-0.0471050662086588	0.0788083117443839	0.1365000000000000	-0.0910000000000000	0.3750000000000000	0.2010000000000000	0.4240000000000000	0.095	0.025	0.880
-0.2402991984797560	-0.8968088177445295	0.3714703751655657	0.0000000000000000	0.1757985003846104	-0.0471050662086588	0.0000000000000000	0.1576166234887678	-0.0910000000000000	0.0788083117443839	0.1365000000000000	-0.0910000000000000	0.3750000000000000	0.2010000000000000	0.4240000000000000	0.095	0.025	0.880
0.2402991984797566	-0.8968088177445293	0.3714703751655657	0.0000000000000000	0.1757985003846104	-0.0471050662086588	-0.0878992501923052	0.1522459672802810	-0.0471050662086588	0.0000000000000000	0.1576166234887678	-0.0910000000000000	0.3750000000000000	0.2010000000000000	0.4240000000000000	0.095	0.025	0.880
0.2402991984797561	-0.8968088177445299	0.3714703751655646	-0.0878992501923052	0.1522459672802810	-0.0471050662086588	-0.0788083117443839	0.1365000000000000	-0.0910000000000000	0.0000000000000000	0.1576166234887678	-0.0910000000000000	0.3750000000000000	0.2010000000000000	0.4240000000000000	0.095	0.025	0.880
0.6565096192647724	-0.6565096192647734	0.3714703751655650	-0.0878992501923052	0.1522459672802810	-0.0471050662086588	-0.1522459672802810	0.0878992501923053	-0.0471050662086588	-0.0788083117443839	0.1365000000000000	-0.0910000000000000	0.3750000000000000	0.2010000000000000	0.4240000000000000	0.095	0.025	0.880
0.6565096192647724	-0.6565096192647736	0.3714703751655647	-0.1522459672802810	0.0878992501923053	-0.0471050662086588	-0.1365000000000000	0.0788083117443840	-0.0910000000000000	-0.0788083117443839	0.1365000000000000	-0.0910000000000000	0.3750000000000000	0.2010000000000000	0.4240000000000000	0.095	0.025	0.880
0.8968088177445299	-0.2402991984797565	0.3714703751655646	-0.1522459672802810	0.0878992501923053	-0.0471050662086588	-0.1757985003846104	0.0000000000000000	-0.0471050662086588	-0.1365000000000000	0.0788083117443840	-0.0910000000000000	0.3750000000000000	0.2010000000000000	0.4240000000000000	0.095	0.025	0.880
0.8968088177445295	-0.2402991984797557	0.3714703751655658	-0.1757985003846104	0.0000000000000000	-0.0471050662086588	-0.1576166234887678	0.0000000000000000	-0.0910000000000000	-0.1365000000000000	0.0788083117443840	-0.0910000000000000	0.3750000000000000	0.2010000000000000	0.4240000000000000	0.095	0.025	0.880
0.8968088177445293	0.2402991984797566	0.3714703751655657	-0.1757985003846104	0.0000000000000000	-0.0471050662086588	-0.1522459672802810	-0.0878992501923052	-0.0471050662086588	-0.1576166234887678	0.0000000000000000	-0.0910000000000000	0.3750000000000000	0.2010000000000000	0.4240000000000000	0.095	0.025	0.880
0.8968088177445299	0.2402991984797561	0.3714703751655646	-0.1522459672802810	-0.0878992501923052	-0.0471050662086588	-0.1365000000000000	-0.0788083117443839	-0.0910000000000000	-0.1576166234887678	0.0000000000000000	-0.0910000000000000	0.3750000000000000	0.2010000000000000	0.4240000000000000	0.095	0.025	0.880
0.6565096192647734	0.6565096192647724	0.3714703751655650	-0.1522459672802810	-0.0878992501923052	-0.0471050662086588	-0.0878992501923053	-0.1522459672802810	-0.0471050662086588	-0.1365000000000000	-0.0788083117443839	-0.0910000000000000	0.3750000000000000	0.2010000000000000	0.4240000000000000	0.095	0.025	0.880
0.6565096192647736	0.6565096192647724	0.3714703751655647	-0.0878992501923053	-0.1522459672802810	-0.0471050662086588	-0.0788083117443840	-0.1365000000000000	-0.0910000000000000	-0.1365000000000000	-0.0788083117443839	-0.0910000000000000	0.3750000000000000	0.2010000000000000	0.4240000000000000	0.095	0.025	0.880
0.2402991984797565	0.8968088177445299	0.3714703751655646	-0.0878992501923053	-0.1522459672802810	-0.0471050662086588	-0.0000000000000000	-0.1757985003846104	-0.0471050662086588	-0.0788083117443840	-0.1365000000000000	-0.0910000000000000	0.3750000000000000	0.2010000000000000	0.4240000000000000	0.095	0.025	0.880
0.2402991984797557	0.8968088177445295	0.3714703751655658	-0.0000000000000000	-0.1757985003846104	-0.0471050662086588	-0.0000000000000000	-0.1576166234887678	-0.0910000000000000	-0.0788083117443840	-0.1365000000000000	-0.0910000000000000	0.3750000000000000	0.2010000000000000	0.4240000000000000	0.095	0.025	0.880
-0.2402991984797558	0.8968088177445296	0.3714703751655658	-0.0000000000000000	-0.1757985003846104	-0.0471050662086588	0.0878992501923051	-0.1522459672802811	-0.0471050662086588	-0.0000000000000000	-0.1576166234887678	-0.0910000000000000	0.3750000000000000	0.2010000000000000	0.4240000000000000	0.095	0.025	0.880
-0.2402991984797555	0.8968088177445299	0.3714703751655651	0.0878992501923051	-0.1522459672802811	-0.0471050662086588	0.0788083117443838	-0.1365000000000001	-0.0910000000000000	-0.0000000000000000	-0.1576166234887678	-0.0910000000000000	0.3750000000000000	0.2010000000000000	0.4240000000000000	0.095	0.025	0.880
-0.6565096192647725	0.6565096192647732	0.3714703751655654	0.0878992501923051	-0.1522459672802811	-0.0471050662086588	0.1522459672802810	-0.0878992501923053	-0.0471050662086588	0.0788083117443838	-0.1365000000000001	-0.0910000000000000	0.3750000000000000	0.2010000000000000	0.4240000000000000	0.095	0.025	0.880
-0.6565096192647724	0.6565096192647738	0.3714703751655647	0.1522459672802810	-0.0878992501923053	-0.0471050662086588	0.1365000000000000	-0.0788083117443840	-0.0910000000000000	0.0788083117443838	-0.1365000000000001	-0.0910000000000000	0.3750000000000000	0.2010000000000000	0.4240000000000000	0.095	0.025	0.880
-0.8968088177445299	0.2402991984797565	0.3714703751655646	0.1522459672802810	-0.0878992501923053	-0.0471050662086588	0.1757985003846104	-0.0000000000000000	-0.0471050662086588	0.1365000000000000	-0.0788083117443840	-0.0910000000000000	0.3750000000000000	0.2010000000000000	0.4240000000000000	0.095	0.025	0.880
-0.8968088177445295	0.2402991984797557	0.3714703751655658	0.1757985003846104	-0.0000000000000000	-0.0471050662086588	0.1576166234887678	-0.0000000000000000	-0.0910000000000000	0.1365000000000000	-0.0788083117443840	-0.0910000000000000	0.3750000000000000	0.2010000000000000	0.4240000000000000	0.095	0.025	0.880
-0.7760132217981934	-0.2079321160966991	0.5954558881142553	0.1576166234887678	0.0000000000000000	-0.0910000000000000	0.1365000000000000	0.0788083117443839	-0.0910000000000000	0.1286934341759517	0.0000000000000000	-0.1286934341759516	0.3750000000000000	0.2010000000000000	0.4240000000000000	0.095	0.025	0.880
-0.7760132217981923	-0.2079321160966999	0.5954558881142568	0.1365000000000000	0.0788083117443839	-0.0910000000000000	0.1114517832966346	0.0643467170879758	-0.1286934341759516	0.1286934341759517	0.0000000000000000	-0.1286934341759516	0.3750000000000000	0.2010000000000000	0.4240000000000000	0.095	0.025	0.880
-0.5680811057014931	-0.5680811057014931	0.5954558881142566	0.1365000000000000	0.0788083117443839	-0.0910000000000000	0.0788083117443839	0.1365000000000000	-0.0910000000000000	0.1114517832966346	0.0643467170879758	-0.1286934341759516	0.3750000000000000	0.2010000000000000	0.4240000000000000	0.095	0.025	0.880
-0.5680811057014931	-0.5680811057014932	0.5954558881142565	0.0788083117443839	0.1365000000000000	-0.0910000000000000	0.0643467170879758	0.1114517832966346	-0.1286934341759516	0.1114517832966346	0.0643467170879758	-0.1286934341759516	0.3750000000000000	0.2010000000000000	0.4240000000000000	0.095	0.025	0.880
-0.2079321160966989	-0.7760132217981927	0.5954558881142565	0.0788083117443839	0.1365000000000000	-0.0910000000000000	0.0000000000000000	0.1576166234887678	-0.0910000000000000	0.0643467170879758	0.1114517832966346	-0.1286934341759516	0.3750000000000000	0.2010000000000000	0.4240000000000000	0.095	0.025	0.880
-0.2079321160967002	-0.7760132217981932	0.5954558881142553	0.0000000000000000	0.1576166234887678	-0.0910000000000000	0.0000000000000000	0.1286934341759517	-0.1286934341759516	0.0643467170879758	0.1114517832966346	-0.1286934341759516	0.3750000000000000	0.2010000000000000	0.4240000000000000	0.095	0.025	0.880
0.2079321160966991	-0.7760132217981934	0.5954558881142553	0.0000000000000000	0.1576166234887678	-0.0910000000000000	-0.0788083117443839	0.1365000000000000	-0.0910000000000000	0.0000000000000000	0.1286934341759517	-0.1286934341759516	0.3750000000000000	0.2010000000000000	0.4240000000000000	0.095	0.025	0.880
0.2079321160966999	-0.7760132217981923	0.5954558881142568	-0.0788083117443839	0.1365000000000000	-0.0910000000000000	-0.0643467170879758	0.1114517832966346	-0.1286934341759516	0.0000000000000000	0.1286934341759517	-0.1286934341759516	0.3750000000000000	0.2010000000000000	0.4240000000000000	0.095	0.025	0.880
0.5680811057014925	-0.5680811057014936	0.5954558881142568	-0.0788083117443839	0.1365000000000000	-0.0910000000000000	-0.1365000000000000	0.0788083117443840	-0.0910000000000000	-0.0643467170879758	0.1114517832966346	-0.1286934341759516	0.3750000000000000	0.2010000000000000	0.4240000000000000	0.095	0.025	0.880
0.5680811057014924	-0.5680811057014936	0.5954558881142566	-0.1365000000000000	0.0788083117443840	-0.0910000000000000	-0.1114517832966346	0.0643467170879759	-0.1286934341759516	-0.0643467170879758	0.1114517832966346	-0.1286934341759516	0.3750000000000000	0.2010000000000000	0.4240000000000000	0.095	0.025	0.880
0.7760132217981927	-0.2079321160966986	0.5954558881142566	-0.1365000000000000	0.0788083117443840	-0.0910000000000000	-0.1576166234887678	0.0000000000000000	-0.0910000000000000	-0.1114517832966346	0.0643467170879759	-0.1286934341759516	0.3750000000000000	0.2010000000000000	0.4240000000000000	0.095	0.025	0.880
0.7760132217981933	-0.2079321160966999	0.5954558881142553	-0.1576166234887678	0.0000000000000000	-0.0910000000000000	-0.1286934341759517	0.0000000000000000	-0.1286934341759516	-0.1114517832966346	0.0643467170879759	-0.1286934341759516	0.3750000000000000	0.2010000000000000	0.4240000000000000	0.095	0.025	0.880
0.7760132217981934	0.2079321160966991	0.5954558881142553	-0.1576166234887678	0.0000000000000000	-0.0910000000000000	-0.1365000000000000	-0.0788083117443839	-0.0910000000000000	-0.1286934341759517	0.0000000000000000	-0.1286934341759516	0.3750000000000000	0.2010000000000000	0.4240000000000000	0.095	0.025	0.880
0.7760132217981923	0.2079321160966999	0.5954558881142568	-0.1365000000000000	-0.0788083117443839	-0.0910000000000000	-0.1114517832966346	-0.0643467170879758	-0.1286934341759516	-0.1286934341759517	0.0000000000000000	-0.1286934341759516	0.3750000000000000	0.2010000000000000	0.4240000000000000	0.095	0.025	0.880
0.5680811057014936	0.5680811057014925	0.5954558881142568	-0.1365000000000000	-0.0788083117443839	-0.0910000000000000	-0.0788083117443840	-0.1365000000000000	-0.0910000000000000	-0.1114517832966346	-0.0643467170879758	-0.1286934341759516	0.3750000000000000	0.2010000000000000	0.4240000000000000	0.095	0.025	0.880
0.5680811057014936	0.5680811057014924	0.5954558881142566	-0.0788083117443840	-0.1365000000000000	-0.0910000000000000	-0.0643467170879759	-0.1114517832966346	-0.1286934341759516	-0.1114517832966346	-0.0643467170879758	-0.1286934341759516	0.3750000000000000	0.2010000000000000	0.4240000000000000	0.095	0.025	0.880
0.2079321160966986	0.7760132217981927	0.5954558881142566	-0.0788083117443840	-0.1365000000000000	-0.0910000000000000	-0.0000000000000000	-0.1576166234887678	-0.0910000000000000	-0.0643467170879759	-0.1114517832966346	-0.1286934341759516	0.3750000000000000	0.2010000000000000	0.4240000000000000	0.095	0.025	0.880
0.2079321160966999	0.7760132217981933	0.5954558881142553	-0.0000000000000000	-0.1576166234887678	-0.0910000000000000	-0.0000000000000000	-0.1286934341759517	-0.1286934341759516	-0.0643467170879759	-0.1114517832966346	-0.1286934341759516	0.3750000000000000	0.2010000000000000	0.4240000000000000	0.095	0.025	0.880
-0.2079321160966986	0.7760132217981934	0.5954558881142555	-0.0000000000000000	-0.1576166234887678	-0.0910000000000000	0.0788083117443838	-0.1365000000000001	-0.0910000000000000	-0.0000000000000000	-0.1286934341759517	-0.1286934341759516	0.3750000000000000	0.2010000000000000	0.4240000000000000	0.095	0.025	0.880
-0.2079321160966989	0.7760132217981931	0.5954558881142561	0.0788083117443838	-0.1365000000000001	-0.0910000000000000	0.0643467170879758	-0.1114517832966347	-0.1286934341759516	-0.0000000000000000	-0.1286934341759517	-0.1286934341759516	0.3750000000000000	0.2010000000000000	0.4240000000000000	0.095	0.025	0.880
-0.5680811057014931	0.5680811057014943	0.5954558881142556	0.0788083117443838	-0.1365000000000001	-0.0910000000000000	0.1365000000000000	-0.0788083117443840	-0.0910000000000000	0.0643467170879758	-0.1114517832966347	-0.1286934341759516	0.3750000000000000	0.2010000000000000	0.4240000000000000	0.095	0.025	0.880
-0.5680811057014931	0.5680811057014929	0.5954558881142568	0.1365000000000000	-0.0788083117443840	-0.0910000000000000	0.1114517832966346	-0.0643467170879759	-0.1286934341759516	0.0643467170879758	-0.1114517832966347	-0.1286934341759516	0.3750000000000000	0.2010000000000000	0.4240000000000000	0.095	0.025	0.880
-0.7760132217981927	0.2079321160966986	0.5954558881142566	0.1365000000000000	-0.0788083117443840	-0.0910000000000000	0.1576166234887678	-0.0000000000000000	-0.0910000000000000	0.1114517832966346	-0.0643467170879759	-0.1286934341759516	0.3750000000000000	0.2010000000000000	0.4240000000000000	0.095	0.025	0.880
-0.7760132217981933	0.2079321160966999	0.5954558881142553	0.1576166234887678	-0.0000000000000000	-0.0910000000000000	0.1286934341759517	-0.0000000000000000	-0.1286934341759516	0.1114517832966346	-0.0643467170879759	-0.1286934341759516	0.3750000000000000	0.2010000000000000	0.4240000000000000	0.095	0.025	0.880
-0.6008208219532742	-0.1609894540381836	0.7830049397008167	0.1286934341759517	0.0000000000000000	-0.1286934341759516	0.1114517832966346	0.0643467170879758	-0.1286934341759516	0.0910000000000000	0.0000000000000000	-0.1576166234887678	0.3750000000000000	0.2010000000000000	0.4240000000000000	0.095	0.025	0.880
-0.6008208219532761	-0.1609894540381825	0.7830049397008154	0.1114517832966346	0.0643467170879758	-0.1286934341759516	0.0788083117443840	0.0455000000000000	-0.1576166234887678	0.0910000000000000	0.0000000000000000	-0.1576166234887678	0.3750000000000000	0.2010000000000000	0.4240000000000000	0.095	0.025	0.880
-0.4398313679150919	-0.4398313679150919	0.7830049397008156	0.1114517832966346	0.0643467170879758	-0.1286934341759516	0.0643467170879758	0.1114517832966346	-0.1286934341759516	0.0788083117443840	0.0455000000000000	-0.1576166234887678	0.3750000000000000	0.2010000000000000	0.4240000000000000	0.095	0.025	0.880
-0.4398313679150919	-0.4398313679150919	0.7830049397008156	0.0643467170879758	0.1114517832966346	-0.1286934341759516	0.0455000000000000	0.0788083117443840	-0.1576166234887678	0.0788083117443840	0.0455000000000000	-0.1576166234887678	0.3750000000000000	0.2010000000000000	0.4240000000000000	0.095	0.025	0.880
-0.1609894540381840	-0.6008208219532754	0.7830049397008156	0.0643467170879758	0.1114517832966346	-0.1286934341759516	0.0000000000000000	0.1286934341759517	-0.1286934341759516	0.0455000000000000	0.0788083117443840	-0.1576166234887678	0.3750000000000000	0.2010000000000000	0.4240000000000000	0.095	0.025	0.880
-0.1609894540381821	-0.6008208219532745	0.7830049397008169	0.0000000000000000	0.1286934341759517	-0.1286934341759516	0.0000000000000000	0.0910000000000000	-0.1576166234887678	0.0455000000000000	0.0788083117443840	-0.1576166234887678	0.3750000000000000	0.2010000000000000	0.4240000000000000	0.095	0.025	0.880
0.1609894540381836	-0.6008208219532742	0.7830049397008167	0.0000000000000000	0.1286934341759517	-0.1286934341759516	-0.0643467170879758	0.1114517832966346	-0.1286934341759516	0.0000000000000000	0.0910000000000000	-0.1576166234887678	0.3750000000000000	0.2010000000000000	0.4240000000000000	0.095	0.025	0.880
0.1609894540381825	-0.6008208219532761	0.7830049397008154	-0.0643467170879758	0.1114517832966346	-0.1286934341759516	-0.0455000000000000	0.0788083117443840	-0.1576166234887678	0.0000000000000000	0.0910000000000000	-0.1576166234887678	0.3750000000000000	0.2010000000000000	0.4240000000000000	0.095	0.025	0.880
0.4398313679150915	-0.4398313679150924	0.7830049397008159	-0.0643467170879758	0.1114517832966346	-0.1286934341759516	-0.1114517832966346	0.0643467170879759	-0.1286934341759516	-0.0455000000000000	0.0788083117443840	-0.1576166234887678	0.3750000000000000	0.2010000000000000	0.4240000000000000	0.095	0.025	0.880
0.4398313679150914	-0.4398313679150928	0.7830049397008155	-0.1114517832966346	0.0643467170879759	-0.1286934341759516	-0.0788083117443840	0.0455000000000001	-0.1576166234887678	-0.0455000000000000	0.0788083117443840	-0.1576166234887678	0.3750000000000000	0.2010000000000000	0.4240000000000000	0.095	0.025	0.880
0.6008208219532755	-0.1609894540381837	0.7830049397008156	-0.1114517832966346	0.0643467170879759	-0.1286934341759516	-0.1286934341759517	0.0000000000000000	-0.1286934341759516	-0.0788083117443840	0.0455000000000001	-0.1576166234887678	0.3750000000000000	0.2010000000000000	0.4240000000000000	0.095	0.025	0.880
0.6008208219532744	-0.1609894540381817	0.7830049397008167	-0.1286934341759517	0.0000000000000000	-0.1286934341759516	-0.0910000000000000	0.0000000000000000	-0.1576166234887678	-0.0788083117443840	0.0455000000000001	-0.1576166234887678	0.3750000000000000	0.2010000000000000	0.4240000000000000	0.095	0.025	0.880
0.6008208219532742	0.1609894540381836	0.7830049397008167	-0.1286934341759517	0.0000000000000000	-0.1286934341759516	-0.1114517832966346	-0.0643467170879758	-0.1286934341759516	-0.0910000000000000	0.0000000000000000	-0.1576166234887678	0.3750000000000000	0.2010000000000000	0.4240000000000000	0.095	0.025	0.880
0.6008208219532761	0.1609894540381825	0.7830049397008154	-0.1114517832966346	-0.0643467170879758	-0.1286934341759516	-0.0788083117443840	-0.0455000000000000	-0.1576166234887678	-0.0910000000000000	0.0000000000000000	-0.1576166234887678	0.3750000000000000	0.2010000000000000	0.4240000000000000	0.095	0.025	0.880
0.4398313679150924	0.4398313679150915	0.7830049397008159	-0.1114517832966346	-0.0643467170879758	-0.1286934341759516	-0.0643467170879759	-0.1114517832966346	-0.1286934341759516	-0.0788083117443840	-0.0455000000000000	-0.1576166234887678	0.3750000000000000	0.2010000000000000	0.4240000000000000	0.095	0.025	0.880
0.4398313679150928	0.4398313679150914	0.7830049397008155	-0.0643467170879759	-0.1114517832966346	-0.1286934341759516	-0.0455000000000001	-0.0788083117443840	-0.1576166234887678	-0.0788083117443840	-0.0455000000000000	-0.1576166234887678	0.3750000000000000	0.2010000000000000	0.4240000000000000	0.095	0.025	0.880
0.1609894540381837	0.6008208219532755	0.7830049397008156	-0.0643467170879759	-0.1114517832966346	-0.1286934341759516	-0.0000000000000000	-0.1286934341759517	-0.1286934341759516	-0.0455000000000001	-0.0788083117443840	-0.1576166234887678	0.3750000000000000	0.2010000000000000	0.4240000000000000	0.095	0.025	0.880
0.1609894540381817	0.6008208219532744	0.7830049397008167	-0.0000000000000000	-0.1286934341759517	-0.1286934341759516	-0.0000000000000000	-0.0910000000000000	-0.1576166234887678	-0.0455000000000001	-0.0788083117443840	-0.1576166234887678	0.3750000000000000	0.2010000000000000	0.4240000000000000	0.095	0.025	0.880
-0.1609894540381827	0.6008208219532744	0.7830049397008169	-0.0000000000000000	-0.1286934341759517	-0.1286934341759516	0.0643467170879758	-0.1114517832966347	-0.1286934341759516	-0.0000000000000000	-0.0910000000000000	-0.1576166234887678	0.3750000000000000	0.2010000000000000	0.4240000000000000	0.095	0.025	0.880
-0.1609894540381823	0.6008208219532751	0.7830049397008162	0.0643467170879758	-0.1114517832966347	-0.1286934341759516	0.0455000000000000	-0.0788083117443840	-0.1576166234887678	-0.0000000000000000	-0.0910000000000000	-0.1576166234887678	0.3750000000000000	0.2010000000000000	0.4240000000000000	0.095	0.025	0.880
-0.4398313679150915	0.4398313679150915	0.7830049397008163	0.0643467170879758	-0.1114517832966347	-0.1286934341759516	0.1114517832966346	-0.0643467170879759	-0.1286934341759516	0.0455000000000000	-0.0788083117443840	-0.1576166234887678	0.3750000000000000	0.2010000000000000	0.4240000000000000	0.095	0.025	0.880
-0.4398313679150914	0.4398313679150913	0.7830049397008163	0.1114517832966346	-0.0643467170879759	-0.1286934341759516	0.0788083117443839	-0.0455000000000001	-0.1576166234887678	0.0455000000000000	-0.0788083117443840	-0.1576166234887678	0.3750000000000000	0.2010000000000000	0.4240000000000000	0.095	0.025	0.880
-0.6008208219532745	0.1609894540381835	0.7830049397008165	0.1114517832966346	-0.0643467170879759	-0.1286934341759516	0.1286934341759517	-0.0000000000000000	-0.1286934341759516	0.0788083117443839	-0.0455000000000001	-0.1576166234887678	0.3750000000000000	0.2010000000000000	0.4240000000000000	0.095	0.025	0.880
-0.6008208219532742	0.1609894540381830	0.7830049397008166	0.1286934341759517	-0.0000000000000000	-0.1286934341759516	0.0910000000000000	-0.0000000000000000	-0.1576166234887678	0.0788083117443839	-0.0455000000000001	-0.1576166234887678	0.3750000000000000	0.2010000000000000	0.4240000000000000	0.095	0.025	0.880
-0.3806873175022792	-0.1020048592935054	0.9190604849374339	0.0910000000000000	0.0000000000000000	-0.1576166234887678	0.0788083117443840	0.0455000000000000	-0.1576166234887678	0.0471050662086588	0.0000000000000000	-0.1757985003846104	0.3750000000000000	0.2010000000000000	0.4240000000000000	0.095	0.025	0.880
-0.3806873175022792	-0.1020048592935054	0.9190604849374339	0.0788083117443840	0.0455000000000000	-0.1576166234887678	0.0407941839836465	0.0235525331043294	-0.1757985003846104	0.0471050662086588	0.0000000000000000	-0.1757985003846104	0.3750000000000000	0.2010000000000000	0.4240000000000000	0.095	0.025	0.880
-0.2786824582087729	-0.2786824582087729	0.9190604849374340	0.0788083117443840	0.0455000000000000	-0.1576166234887678	0.0455000000000000	0.0788083117443840	-0.1576166234887678	0.0407941839836465	0.0235525331043294	-0.1757985003846104	0.3750000000000000	0.2010000000000000	0.4240000000000000	0.095	0.025	0.880
-0.2786824582087730	-0.2786824582087729	0.9190604849374339	0.0455000000000000	0.0788083117443840	-0.1576166234887678	0.0235525331043294	0.0407941839836465	-0.1757985003846104	0.0407941839836465	0.0235525331043294	-0.1757985003846104	0.3750000000000000	0.2010000000000000	0.4240000000000000	0.095	0.025	0.880
-0.1020048592935054	-0.3806873175022792	0.9190604849374339	0.0455000000000000	0.0788083117443840	-0.1576166234887678	0.0000000000000000	0.0910000000000000	-0.1576166234887678	0.0235525331043294	0.0407941839836465	-0.1757985003846104	0.3750000000000000	0.2010000000000000	0.4240000000000000	0.095	0.025	0.880
-0.1020048592935052	-0.3806873175022792	0.9190604849374339	0.0000000000000000	0.0910000000000000	-0.1576166234887678	0.0000000000000000	0.0471050662086588	-0.1757985003846104	0.0235525331043294	0.0407941839836465	-0.1757985003846104	0.3750000000000000	0.2010000000000000	0.4240000000000000	0.095	0.025	0.880
0.1020048592935054	-0.3806873175022792	0.9190604849374339	0.0000000000000000	0.0910000000000000	-0.1576166234887678	-0.0455000000000000	0.0788083117443840	-0.1576166234887678	0.0000000000000000	0.0471050662086588	-0.1757985003846104	0.3750000000000000	0.2010000000000000	0.4240000000000000	0.095	0.025	0.880
0.1020048592935054	-0.3806873175022792	0.9190604849374339	-0.0455000000000000	0.0788083117443840	-0.1576166234887678	-0.0235525331043294	0.0407941839836465	-0.1757985003846104	0.0000000000000000	0.0471050662086588	-0.1757985003846104	0.3750000000000000	0.2010000000000000	0.4240000000000000	0.095	0.025	0.880
0.2786824582087723	-0.2786824582087732	0.9190604849374339	-0.0455000000000000	0.0788083117443840	-0.1576166234887678	-0.0788083117443840	0.0455000000000001	-0.1576166234887678	-0.0235525331043294	0.0407941839836465	-0.1757985003846104	0.3750000000000000	0.2010000000000000	0.4240000000000000	0.095	0.025	0.880
0.2786824582087725	-0.2786824582087726	0.9190604849374341	-0.0788083117443840	0.0455000000000001	-0.1576166234887678	-0.0407941839836465	0.0235525331043294	-0.1757985003846104	-0.0235525331043294	0.0407941839836465	-0.1757985003846104	0.3750000000000000	0.2010000000000000	0.4240000000000000	0.095	0.025	0.880
0.3806873175022791	-0.1020048592935051	0.9190604849374339	-0.0788083117443840	0.0455000000000001	-0.1576166234887678	-0.0910000000000000	0.0000000000000000	-0.1576166234887678	-0.0407941839836465	0.0235525331043294	-0.1757985003846104	0.3750000000000000	0.2010000000000000	0.4240000000000000	0.095	0.025	0.880
0.3806873175022792	-0.1020048592935052	0.9190604849374339	-0.0910000000000000	0.0000000000000000	-0.1576166234887678	-0.0471050662086588	0.0000000000000000	-0.1757985003846104	-0.0407941839836465	0.0235525331043294	-0.1757985003846104	0.3750000000000000	0.2010000000000000	0.4240000000000000	0.095	0.025	0.880
0.3806873175022792	0.1020048592935054	0.9190604849374339	-0.0910000000000000	0.0000000000000000	-0.1576166234887678	-0.0788083117443840	-0.0455000000000000	-0.1576166234887678	-0.0471050662086588	0.0000000000000000	-0.1757985003846104	0.3750000000000000	0.2010000000000000	0.4240000000000000	0.095	0.025	0.880
0.3806873175022792	0.1020048592935054	0.9190604849374339	-0.0788083117443840	-0.0455000000000000	-0.1576166234887678	-0.0407941839836465	-0.0235525331043294	-0.1757985003846104	-0.0471050662086588	0.0000000000000000	-0.1757985003846104	0.3750000000000000	0.2010000000000000	0.4240000000000000	0.095	0.025	0.880
0.2786824582087732	0.2786824582087723	0.9190604849374339	-0.0788083117443840	-0.0455000000000000	-0.1576166234887678	-0.0455000000000001	-0.0788083117443840	-0.1576166234887678	-0.0407941839836465	-0.0235525331043294	-0.1757985003846104	0.3750000000000000	0.2010000000000000	0.4240000000000000	0.095	0.025	0.880
0.2786824582087726	0.2786824582087725	0.9190604849374341	-0.0455000000000001	-0.0788083117443840	-0.1576166234887678	-0.0235525331043294	-0.0407941839836465	-0.1757985003846104	-0.0407941839836465	-0.0235525331043294	-0.1757985003846104	0.3750000000000000	0.2010000000000000	0.4240000000000000	0.095	0.025	0.880
0.1020048592935051	0.3806873175022791	0.9190604849374339	-0.0455000000000001	-0.0788083117443840	-0.1576166234887678	-0.0000000000000000	-0.0910000000000000	-0.1576166234887678	-0.0235525331043294	-0.0407941839836465	-0.1757985003846104	0.3750000000000000	0.2010000000000000	0.4240000000000000	0.095	0.025	0.880
0.1020048592935052	0.3806873175022792	0.9190604849374339	-0.0000000000000000	-0.0910000000000000	-0.1576166234887678	-0.0000000000000000	-0.0471050662086588	-0.1757985003846104	-0.0235525331043294	-0.0407941839836465	-0.1757985003846104	0.3750000000000000	0.2010000000000000	0.4240000000000000	0.095	0.025	0.880
-0.1020048592935054	0.3806873175022792	0.9190604849374339	-0.0000000000000000	-0.0910000000000000	-0.1576166234887678	0.0455000000000000	-0.0788083117443840	-0.1576166234887678	-0.0000000000000000	-0.0471050662086588	-0.1757985003846104	0.3750000000000000	0.2010000000000000	0.4240000000000000	0.095	0.025	0.880
-0.1020048592935054	0.3806873175022792	0.9190604849374339	0.0455000000000000	-0.0788083117443840	-0.1576166234887678	0.0235525331043294	-0.0407941839836465	-0.1757985003846104	-0.0000000000000000	-0.0471050662086588	-0.1757985003846104	0.3750000000000000	0.2010000000000000	0.4240000000000000	0.095	0.025	0.880
-0.2786824582087729	0.2786824582087729	0.9190604849374339	0.0455000000000000	-0.0788083117443840	-0.1576166234887678	0.0788083117443839	-0.0455000000000001	-0.1576166234887678	0.0235525331043294	-0.0407941839836465	-0.1757985003846104	0.3750000000000000	0.2010000000000000	0.4240000000000000	0.095	0.025	0.880
-0.2786824582087729	0.2786824582087728	0.9190604849374339	0.0788083117443839	-0.0455000000000001	-0.1576166234887678	0.0407941839836465	-0.0235525331043294	-0.1757985003846104	0.0235525331043294	-0.0407941839836465	-0.1757985003846104	0.3750000000000000	0.2010000000000000	0.4240000000000000	0.095	0.025	0.880
-0.3806873175022795	0.1020048592935061	0.9190604849374335	0.0788083117443839	-0.0455000000000001	-0.1576166234887678	0.0910000000000000	-0.0000000000000000	-0.1576166234887678	0.0407941839836465	-0.0235525331043294	-0.1757985003846104	0.3750000000000000	0.2010000000000000	0.4240000000000000	0.095	0.025	0.880
-0.3806873175022792	0.1020048592935052	0.9190604849374339	0.0910000000000000	-0.0000000000000000	-0.1576166234887678	0.0471050662086588	-0.0000000000000000	-0.1757985003846104	0.0407941839836465	-0.0235525331043294	-0.1757985003846104	0.3750000000000000	0.2010000000000000	0.4240000000000000	0.095	0.025	0.880
